81	540	0.8357856772539496
270	663	0.6834748429486355
672	310	0.8080815789293819
77	633	0.7795354575489502
718	725	0.7752150344370604
236	270	0.6943900348241819
659	550	0.7888808384594459
301	330	0.7993411655468732
725	604	0.980915213647546
229	51	0.7369076559047278
229	53	0.8127952797244248
766	165	0.668740304976422
560	774	0.9235789319955533
242	165	0.7292664737217109
423	688	0.8602806544914777
243	152	0.7598347358528301
165	5	0.8080815789293819
657	589	0.7071067811865476
235	291	0.942942047540283
425	669	0.9381427059852853
372	385	0.8357856772539496
418	790	0.672162112443282
525	51	0.882658890130512
724	621	0.668740304976422
78	614	0.6795129029542789
674	309	0.6411958165340631
150	309	0.765286392849854
241	186	0.7975100853149782
301	344	0.5981805736023835
229	67	0.910081606019087
238	262	0.9036008741023988
429	626	0.9036008741023988
672	330	0.7598347358528301
83	517	0.9306048591020996
425	672	0.7017692252162518
666	405	0.8325252585949547
298	95	0.8886450927224068
270	647	0.8716844532600401
595	78	0.6757463285468237
657	558	0.7840862368827646
520	81	0.668740304976422
83	542	0.8950154234464502
372	359	0.8357856772539496
78	642	0.6992305256576715
141	426	0.7773488938158333
262	787	0.7752150344370604
716	733	0.7498942093324559
423	669	0.8408964152537145
666	413	0.8248504926144331
792	676	0.7292664737217109
229	37	0.9170040432046712
74	693	0.9036008741023988
127	676	0.8408964152537145
594	95	0.6936113947301731
229	389	0.7369076559047278
77	642	0.7190089911921524
764	172	0.7711054127039704
77	641	0.9381427059852853
421	698	0.8080815789293819
372	361	0.8357856772539496
262	795	0.882658890130512
78	635	0.6757463285468237
524	48	0.6834748429486355
241	165	0.7190089911921524
520	96	0.6992305256576715
142	420	0.7410130562283901
716	744	0.7329968817300652
237	257	0.9036008741023988
712	790	0.6593329981888053
540	122	0.7043920612783159
269	716	0.8325252585949547
83	539	0.7795354575489502
524	397	0.7840862368827646
142	429	0.7840862368827646
225	55	0.6623376993482669
530	243	0.7158621158597871
235	240	1.0
229	357	0.8127952797244248
71	663	0.7158621158597871
595	51	0.9235789319955533
235	243	0.7876580337636601
758	250	0.7557140529366451
421	667	0.9619720005271951
747	81	0.672162112443282
422	653	0.7017692252162518
235	246	0.9235789319955533
790	679	0.8408964152537145
764	148	0.7711054127039704
658	527	0.8177654339579425
528	312	0.8602806544914777
242	122	0.6411958165340631
761	183	0.7598347358528301
529	307	0.8357856772539496
242	127	0.7292664737217109
359	575	0.9036008741023988
237	225	0.7071067811865476
792	651	0.8263327116631066
721	619	0.882658890130512
238	217	0.7410130562283901
243	117	0.6564484546204755
420	689	0.9036008741023988
525	359	0.9036008741023988
44	136	0.7913838578831089
125	686	0.6876560219336321
262	772	0.8408964152537145
72	642	0.5879817286556615
468	165	0.6231143658502413
524	372	0.7071067811865476
127	663	0.7158621158597871
525	361	0.7752150344370604
748	81	0.668740304976422
63	790	0.6920798966795321
661	426	0.6305833524471807
122	687	0.7438689130822451
761	152	0.7634248928964038
464	178	0.672162112443282
133	515	0.8950154234464502
129	602	0.7752150344370604
525	328	0.980915213647546
81	525	0.8357856772539496
663	401	0.7563868244827463
492	687	0.6943900348241819
262	741	0.9235789319955533
590	96	0.5934541723857226
29	81	0.8357856772539496
745	87	0.9036008741023988
125	657	0.7410130562283901
789	709	0.942942047540283
422	635	0.7752150344370604
197	686	0.668740304976422
130	559	0.980915213647546
756	262	0.7329968817300652
29	87	0.882658890130512
761	166	0.7222843827750017
711	759	0.8177654339579425
761	165	0.7598347358528301
133	525	0.7369076559047278
361	490	0.9235789319955533
425	609	0.7795354575489502
168	199	0.7671806770745353
595	45	0.9235789319955533
714	725	0.7329968817300652
125	663	0.668740304976422
67	766	0.9619720005271951
659	507	0.6795129029542789
72	662	0.8345462955839212
359	560	0.8602806544914777
372	328	0.8080815789293819
468	145	0.8500933406285649
225	51	0.7071067811865476
529	74	1.0
502	611	0.7664188452944263
20	426	0.7017692252162518
309	319	0.765286392849854
574	642	0.6459303681934883
91	462	0.7071067811865476
205	635	0.9619720005271951
733	546	0.7498942093324559
146	462	0.7468267006961234
429	692	0.882658890130512
544	161	0.8094017710202273
740	420	0.7795354575489502
343	714	0.9235789319955533
676	357	0.8127952797244248
737	502	0.632582058038459
385	262	0.7329968817300652
152	357	0.8127952797244248
545	152	0.6411958165340631
429	698	0.7752150344370604
544	167	0.8230273146135424
185	802	0.6593329981888053
545	155	0.7017692252162518
602	357	0.8080815789293819
278	663	0.6876560219336321
640	704	0.7547148940075067
502	628	0.7664188452944263
741	420	0.8080815789293819
212	522	0.882658890130512
248	183	0.7795354575489502
307	357	0.8357856772539496
389	229	0.7369076559047278
544	178	0.681468250301921
150	48	0.703507782745846
204	665	0.8408964152537145
290	447	0.7993411655468732
678	306	0.8325252585949547
151	340	0.8779354995076653
674	357	0.8463061263544743
200	676	0.8520451754867107
428	686	0.668740304976422
150	359	0.8602806544914777
666	492	0.6459303681934883
433	589	0.668740304976422
278	638	0.9381427059852853
203	642	0.7164804440360688
152	336	0.9588138996728659
307	328	0.7752150344370604
248	155	0.7410130562283901
678	310	0.668740304976422
546	122	0.6435252169199125
674	361	0.7410130562283901
150	361	0.8357856772539496
205	621	0.9619720005271951
200	686	0.6757463285468237
155	306	0.8886450927224068
428	693	0.882658890130512
146	452	0.8886450927224068
3	401	0.9036008741023988
730	579	0.8050704027214417
269	790	0.7190089911921524
727	650	0.7369076559047278
548	109	0.8080815789293819
539	258	0.757754794630823
730	578	0.6834748429486355
605	309	0.7913838578831089
728	640	0.8111948018054888
81	583	0.8658143841441651
463	5	0.7369076559047278
463	3	0.7369076559047278
91	420	0.7329968817300652
718	763	0.9036008741023988
525	81	0.8357856772539496
725	640	0.7795354575489502
528	395	0.8658143841441651
733	507	0.7498942093324559
200	658	0.6623376993482669
544	122	0.7000667471538572
721	692	0.882658890130512
47	190	0.8080815789293819
716	790	0.7369076559047278
544	129	0.7168961632159194
540	172	0.9036008741023988
539	229	0.672162112443282
682	203	0.7993411655468732
536	262	0.7752150344370604
281	540	0.8357856772539496
674	340	0.9774670514959272
382	262	0.7329968817300652
529	48	0.7311108341107269
602	316	0.9619720005271951
534	293	0.8177654339579425
83	557	0.8463061263544743
47	184	0.8080815789293819
48	177	0.8200681320366731
534	298	0.7840862368827646
632	805	0.8779354995076653
77	691	0.7795354575489502
426	664	0.8177654339579425
141	462	0.7099183944187994
658	588	0.7913838578831089
529	361	0.7329968817300652
725	626	0.942942047540283
83	586	0.7840862368827646
534	263	0.8080815789293819
78	686	0.6757463285468237
543	117	0.9170040432046712
243	173	0.8177654339579425
372	51	0.8080815789293819
560	796	0.9235789319955533
789	790	0.672162112443282
270	691	0.7773488938158333
372	53	0.8080815789293819
544	109	0.7687280452527601
732	509	0.7480400646793092
789	798	0.942942047540283
732	504	0.805815028474375
426	674	0.7840862368827646
524	85	0.7993411655468732
91	439	0.882658890130512
229	83	0.7840862368827646
429	640	0.8127952797244248
78	674	0.7939521481469657
48	199	0.7731377071413946
283	509	0.6378416524597782
721	689	0.882658890130512
666	463	0.7598347358528301
640	650	0.7795354575489502
287	464	0.7329968817300652
95	32	0.8716844532600401
635	750	0.7329968817300652
344	663	0.7164804440360688
586	420	0.7071067811865476
503	569	0.7840862368827646
290	48	0.6704305643107636
701	806	0.882658890130512
636	740	0.7369076559047278
217	418	0.8177654339579425
636	742	0.882658890130512
741	372	0.668740304976422
146	81	0.668740304976422
578	560	0.8357856772539496
165	120	0.942942047540283
584	450	0.668740304976422
452	262	0.672162112443282
183	790	0.7795354575489502
287	479	0.7498942093324559
189	721	0.8602806544914777
586	431	0.7952707287670506
686	167	0.7752150344370604
350	560	0.8357856772539496
189	725	0.7329968817300652
740	51	0.7795354575489502
633	790	0.7795354575489502
483	740	0.7369076559047278
18	444	0.7329968817300652
185	777	0.8995032169557735
20	384	0.8658143841441651
748	309	0.7355826385604035
165	131	0.7821066966253725
748	307	0.668740304976422
738	429	0.6967730926836612
574	587	0.8177654339579425
602	287	0.8357856772539496
183	761	0.7598347358528301
605	258	0.7099183944187994
5	357	0.7752150344370604
481	733	0.7274631001239567
614	109	0.7795354575489502
20	69	0.8408964152537145
687	121	0.668740304976422
687	122	0.7438689130822451
31	241	0.7498942093324559
728	593	0.8050704027214417
29	309	0.789875685371258
96	394	0.8015850812419996
343	663	0.7563868244827463
631	790	0.7840862368827646
741	361	0.668740304976422
481	744	0.7752150344370604
345	642	0.7894971074910664
92	83	0.8408964152537145
155	238	0.8127952797244248
574	565	1.0
452	217	0.6795129029542789
503	528	0.7876580337636601
740	344	0.7424289831881338
13	474	0.8408964152537145
91	48	0.7731377071413946
632	753	0.8779354995076653
727	580	0.8886450927224068
213	426	0.7256998389057147
633	745	0.9036008741023988
578	524	0.7773488938158333
502	540	0.6757463285468237
147	39	0.9036008741023988
679	243	0.6536711238648317
444	18	0.7329968817300652
151	298	0.8127952797244248
184	740	0.7369076559047278
585	407	0.9619720005271951
740	354	0.7795354575489502
108	801	0.6876560219336321
157	229	0.7888808384594459
184	745	0.7329968817300652
108	804	0.7993411655468732
180	790	0.8127952797244248
154	262	0.8127952797244248
385	199	0.8080815789293819
733	481	0.7274631001239567
732	497	0.833329732468209
578	534	0.6757463285468237
92	25	0.8658143841441651
182	735	0.7939521481469657
278	553	0.7993411655468732
151	262	0.7795354575489502
152	251	0.8230273146135424
631	740	0.8177654339579425
95	360	0.8886450927224068
203	563	0.8177654339579425
141	81	0.7795354575489502
385	165	0.7329968817300652
573	560	0.668740304976422
733	450	0.7498942093324559
20	359	0.7329968817300652
733	459	0.7498942093324559
154	238	0.8886450927224068
578	506	0.9703039181071883
205	544	0.6213665825010082
502	525	0.6757463285468237
283	462	0.7128347517618364
18	420	0.7052859178271615
740	335	0.8463061263544743
574	555	0.8177654339579425
3	321	0.7795354575489502
157	205	0.7410130562283901
99	309	0.634640063475802
344	614	0.7030685976108383
20	361	0.7329968817300652
142	81	0.8463061263544743
160	131	0.7920761564776685
350	509	0.7222843827750017
189	790	0.7795354575489502
595	357	0.7329968817300652
792	602	0.7256998389057147
5	67	0.7752150344370604
168	165	0.7256998389057147
593	39	0.668740304976422
653	540	0.7017692252162518
647	658	0.6876560219336321
29	361	0.7752150344370604
803	598	0.8408964152537145
554	802	0.6536711238648317
803	595	0.7711054127039704
44	108	0.6536711238648317
790	631	0.7840862368827646
418	704	0.6834748429486355
357	557	0.8127952797244248
747	48	0.668740304976422
518	439	0.9036008741023988
167	183	0.882658890130512
464	165	0.7329968817300652
199	640	0.8408964152537145
792	618	0.8302672287519948
486	784	0.8658143841441651
792	614	0.7292664737217109
492	672	0.7840862368827646
421	630	0.882658890130512
229	321	0.9170040432046712
169	165	0.6267508396157416
125	642	0.6423526734545674
3	87	1.0
417	721	0.882658890130512
27	36	0.8779354995076653
422	626	0.882658890130512
29	359	0.8602806544914777
26	48	0.668740304976422
560	700	0.9036008741023988
29	14	0.9036008741023988
72	605	0.7993411655468732
199	650	0.8080815789293819
756	214	0.8886450927224068
591	39	0.7071067811865476
71	642	0.6710037450515514
26	77	0.8463061263544743
319	180	0.882658890130512
420	617	0.882658890130512
747	361	0.7795354575489502
801	599	0.8886450927224068
492	646	0.7355826385604035
196	650	0.8111948018054888
593	361	0.7752150344370604
507	585	0.7752150344370604
457	262	0.7752150344370604
483	792	0.6623376993482669
298	360	1.0
483	796	0.8602806544914777
463	155	0.7840862368827646
262	707	0.8602806544914777
463	152	0.7410130562283901
464	143	0.9036008741023988
614	197	0.7369076559047278
756	225	0.7071067811865476
761	127	0.6564484546204755
747	372	0.672162112443282
647	642	0.5923232025524111
756	229	0.8408964152537145
753	266	0.9774670514959272
467	110	0.9036008741023988
225	351	0.8177654339579425
361	453	0.8127952797244248
196	663	0.723406918474003
589	462	0.7773488938158333
357	542	0.8127952797244248
165	197	0.8357856772539496
422	605	0.6484197773255048
125	629	0.6876560219336321
520	18	0.668740304976422
459	250	0.7052859178271615
594	367	0.7784367249557977
26	359	0.672162112443282
640	691	0.8408964152537145
5	23	1.0
5	29	0.7752150344370604
20	81	0.7329968817300652
802	560	0.6943900348241819
643	663	0.6389437431871404
481	798	1.0
492	629	0.7625196310946536
593	343	0.942942047540283
803	552	0.8177654339579425
592	357	0.8080815789293819
95	81	0.7369076559047278
63	720	0.7993411655468732
650	540	0.8357856772539496
483	774	0.8602806544914777
121	642	0.717735314556266
26	361	0.672162112443282
738	499	0.8477089533361918
741	74	0.9036008741023988
591	25	0.7806517579342631
99	361	0.6654707678126904
121	646	0.7795354575489502
217	462	0.8528934004392494
744	389	0.9235789319955533
122	635	0.7043920612783159
168	133	0.6654707678126904
459	229	0.8886450927224068
3	389	0.9235789319955533
189	767	0.8602806544914777
520	339	0.8658143841441651
740	97	0.8408964152537145
196	642	0.7038603831224474
747	359	0.7369076559047278
643	672	0.672162112443282
591	34	0.7071067811865476
462	155	0.7806517579342631
462	154	0.8062617601696218
197	635	0.980915213647546
640	674	0.8230273146135424
502	598	0.7711054127039704
32	262	0.672162112443282
741	48	0.6670876672642677
63	733	0.7369076559047278
207	599	0.9306048591020996
591	344	0.6665439056106988
643	642	0.577352145556657
687	165	0.668740304976422
803	530	0.8177654339579425
802	546	0.6943900348241819
747	327	0.8658143841441651
593	325	0.980915213647546
614	152	0.8716844532600401
166	134	1.0
121	623	0.7071067811865476
298	321	0.7369076559047278
650	525	0.8080815789293819
157	281	0.7410130562283901
509	525	0.7222843827750017
5	32	0.8127952797244248
167	122	0.7741699987045547
27	350	0.672162112443282
463	116	0.8716844532600401
5	382	0.9235789319955533
459	207	0.882658890130512
167	126	0.8975149862942068
642	661	0.7711054127039704
189	745	0.8080815789293819
382	5	0.9235789319955533
592	344	0.6411958165340631
361	415	0.942942047540283
5	383	1.0
740	71	0.8658143841441651
740	72	0.7598347358528301
361	417	0.8602806544914777
197	614	0.7369076559047278
584	485	0.9036008741023988
26	372	0.7369076559047278
290	81	0.6757463285468237
27	17	0.9170040432046712
740	79	0.8408964152537145
62	740	0.7410130562283901
657	693	0.7773488938158333
701	121	0.9036008741023988
657	694	0.7071067811865476
108	154	0.6920798966795321
772	165	0.8127952797244248
659	672	0.7128347517618364
281	614	0.7795354575489502
433	640	0.8658143841441651
372	492	0.7869313010765002
136	663	0.672162112443282
241	293	0.8408964152537145
725	727	0.8408964152537145
540	257	0.9036008741023988
702	122	0.8177654339579425
200	740	0.6795129029542789
150	420	0.8357856772539496
250	154	0.7349283867017619
250	155	0.757754794630823
573	703	0.7752150344370604
150	426	0.7711054127039704
724	740	0.7369076559047278
109	157	0.7410130562283901
281	629	0.882658890130512
278	702	0.7071067811865476
39	53	0.7752150344370604
106	191	0.8716844532600401
674	426	0.7840862368827646
242	298	0.8309363615501552
429	747	0.7369076559047278
425	790	0.7410130562283901
672	452	0.7017692252162518
48	250	0.7854974626961347
755	81	0.7752150344370604
430	658	0.6564484546204755
237	10	0.9036008741023988
55	157	0.6435252169199125
56	142	0.7410130562283901
528	450	0.7329968817300652
657	678	0.6795129029542789
658	663	0.7043920612783159
659	658	0.6654707678126904
241	272	0.8408964152537145
127	790	0.7795354575489502
531	31	0.757754794630823
251	117	0.6795129029542789
39	83	0.7369076559047278
242	262	0.7292664737217109
92	517	0.8602806544914777
479	122	0.6536711238648317
48	283	0.7498942093324559
53	183	0.7752150344370604
429	718	0.7329968817300652
672	425	0.7017692252162518
657	686	0.7071067811865476
426	753	0.7840862368827646
772	154	0.7410130562283901
56	133	0.7369076559047278
659	663	0.7256998389057147
81	674	0.8177654339579425
51	199	0.8357856772539496
620	5	0.6484197773255048
78	753	0.7939521481469657
775	121	0.6967730926836612
433	635	0.668740304976422
136	658	0.6757463285468237
403	152	0.6459303681934883
474	199	0.7017692252162518
725	718	0.7752150344370604
243	262	0.7158621158597871
142	507	0.7410130562283901
235	18	0.7752150344370604
430	635	0.8080815789293819
125	790	0.6920798966795321
658	647	0.6876560219336321
658	640	0.7222843827750017
663	540	0.7563868244827463
426	728	0.7410130562283901
529	420	0.668740304976422
433	602	0.668740304976422
131	686	0.7239744378512376
534	321	0.6795129029542789
531	18	0.8442383699847695
243	235	0.7876580337636601
474	167	0.7711054127039704
108	122	0.6564484546204755
772	131	0.7671806770745353
659	642	0.6400610928793738
421	792	0.7256998389057147
241	262	0.7190089911921524
467	298	1.0
241	263	0.8177654339579425
109	117	0.8658143841441651
32	95	0.8716844532600401
74	741	0.9036008741023988
74	740	0.672162112443282
758	48	0.805815028474375
237	359	0.8602806544914777
237	357	0.7752150344370604
721	740	0.672162112443282
657	631	0.7128347517618364
48	238	0.753733525894051
238	307	0.8357856772539496
328	199	0.8080815789293819
420	778	0.9235789319955533
422	750	0.882658890130512
459	53	0.8080815789293819
658	620	0.6992305256576715
81	640	0.7795354575489502
467	262	0.7752150344370604
357	697	0.8357856772539496
518	573	0.882658890130512
758	359	0.8080815789293819
423	740	0.8408964152537145
141	502	0.7148397874996596
141	507	0.7795354575489502
52	154	0.7071067811865476
242	229	0.668740304976422
133	640	0.7410130562283901
457	81	0.7752150344370604
199	786	0.8602806544914777
792	756	0.7256998389057147
321	3	0.7795354575489502
772	110	0.8886450927224068
321	5	0.7369076559047278
229	464	0.8658143841441651
758	361	0.9036008741023988
71	790	0.7369076559047278
270	739	0.7840862368827646
459	67	0.882658890130512
235	358	0.910081606019087
130	686	0.7329968817300652
140	525	0.8099387760963941
627	165	0.6898356258362424
653	697	0.7017692252162518
55	109	0.6992305256576715
658	639	0.7813288709143473
655	676	0.7369076559047278
131	679	0.6967730926836612
199	790	0.8408964152537145
402	128	0.7976866152025291
83	614	0.8950154234464502
396	5	0.672162112443282
753	81	0.8463061263544743
534	95	0.8230273146135424
703	181	0.882658890130512
602	462	0.8027315018734994
536	71	0.882658890130512
277	789	0.9036008741023988
307	462	0.7773488938158333
277	787	0.9036008741023988
737	620	0.672162112443282
444	555	0.882658890130512
682	365	0.8248504926144331
437	684	0.8408964152537145
277	790	0.7369076559047278
155	449	0.8886450927224068
584	616	0.9036008741023988
283	686	0.7410130562283901
321	229	0.9170040432046712
147	589	0.9036008741023988
389	344	0.7229562189425532
148	574	0.7711054127039704
605	441	0.8062617601696218
450	452	0.7795354575489502
444	568	0.882658890130512
154	462	0.8062617601696218
578	730	0.6834748429486355
95	538	0.9170040432046712
96	520	0.6992305256576715
629	5	0.668740304976422
733	646	0.7517895873703291
385	359	0.8357856772539496
200	790	0.6795129029542789
287	602	0.8357856772539496
238	81	0.8080815789293819
502	714	0.7410130562283901
155	418	0.8886450927224068
155	417	0.7795354575489502
724	796	0.882658890130512
734	637	0.7913838578831089
152	452	0.8950154234464502
740	525	0.8127952797244248
385	361	0.8357856772539496
309	420	0.8111948018054888
450	420	0.7752150344370604
99	514	0.7547148940075067
545	250	0.6876560219336321
155	423	0.8127952797244248
259	109	0.8017495595960386
150	483	0.8602806544914777
778	165	0.8080815789293819
728	755	0.8050704027214417
702	183	0.7292664737217109
3	524	0.7071067811865476
502	727	0.7431453979204301
321	207	0.8886450927224068
676	464	0.7795354575489502
605	422	0.6484197773255048
740	536	0.8127952797244248
385	372	0.8357856772539496
676	462	0.7806517579342631
18	620	0.6019637049036827
258	129	0.7752150344370604
546	250	0.7052859178271615
95	558	0.7840862368827646
551	155	0.910081606019087
259	117	0.786448668230397
741	529	0.9036008741023988
290	507	0.8177654339579425
77	790	0.6757463285468237
281	650	1.0
702	155	0.668740304976422
732	636	0.805815028474375
150	450	0.668740304976422
701	165	0.668740304976422
437	631	0.8658143841441651
277	744	0.9036008741023988
83	689	0.7369076559047278
57	157	0.6876560219336321
57	156	0.8812192104468418
13	635	0.7711054127039704
237	83	0.7795354575489502
150	462	0.7071067811865476
154	418	0.8127952797244248
573	743	0.9235789319955533
250	199	0.7557140529366451
775	182	0.7913838578831089
250	196	0.7840862368827646
56	152	0.7369076559047278
151	451	0.8950154234464502
283	642	0.774619080070035
674	462	0.7128347517618364
433	695	0.8658143841441651
703	152	0.7795354575489502
146	557	0.8886450927224068
502	709	0.6757463285468237
83	676	0.8177654339579425
539	359	0.613237563517304
539	357	0.7071067811865476
536	48	0.6102393847187542
678	420	0.6509980380274076
778	152	0.672162112443282
13	624	0.9724924724660731
741	507	0.8357856772539496
672	492	0.7840862368827646
382	48	0.6670876672642677
540	268	0.9036008741023988
92	550	0.8602806544914777
55	196	0.8804504898253328
237	51	0.8602806544914777
534	32	0.8230273146135424
237	53	0.7329968817300652
96	503	0.7598347358528301
659	696	0.7939521481469657
251	154	0.7453346013176595
250	167	0.7557140529366451
251	152	0.8230273146135424
278	714	0.7128347517618364
136	685	0.8408964152537145
238	48	0.753733525894051
13	653	1.0
141	588	0.8886450927224068
402	195	0.810222708596869
235	81	0.668740304976422
544	229	0.7190089911921524
727	725	0.8408964152537145
602	418	0.882658890130512
109	173	0.8886450927224068
20	519	0.882658890130512
136	690	0.8408964152537145
283	620	0.6932254553510164
542	258	0.8127952797244248
574	718	0.8177654339579425
78	799	0.7939521481469657
152	421	0.8127952797244248
531	81	0.668740304976422
698	5	0.7329968817300652
152	423	0.8408964152537145
283	629	0.6757463285468237
698	3	0.882658890130512
278	728	0.7598347358528301
409	122	0.668740304976422
540	281	0.8357856772539496
531	89	0.7894971074910664
235	96	0.6733385485672998
666	586	0.8177654339579425
309	51	0.7355826385604035
165	238	0.8080815789293819
584	564	0.942942047540283
462	217	0.8528934004392494
453	361	0.8127952797244248
122	702	0.8177654339579425
287	589	0.8357856772539496
309	56	0.7355826385604035
747	420	0.672162112443282
161	289	0.8658143841441651
802	642	0.7028077040426363
168	200	0.7752150344370604
452	34	0.672162112443282
747	429	0.7369076559047278
507	640	0.7795354575489502
5	450	0.9619720005271951
457	323	0.8716844532600401
503	691	0.6891014548358031
197	704	0.6834748429486355
344	790	0.7243168069100334
640	786	0.8658143841441651
26	429	0.7795354575489502
3	463	0.7369076559047278
155	67	0.7795354575489502
802	658	0.6855359343071672
679	67	0.882658890130512
350	687	0.7329968817300652
492	714	0.7329968817300652
594	420	0.6920798966795321
694	152	0.672162112443282
357	602	0.8080815789293819
225	413	0.8080815789293819
694	154	0.672162112443282
594	423	0.8050704027214417
578	698	0.7329968817300652
165	258	0.8080815789293819
165	217	0.7840862368827646
152	67	0.8127952797244248
640	750	0.8658143841441651
243	5	0.7158621158597871
32	340	0.8520451754867107
317	240	0.9235789319955533
503	663	0.5923232025524111
29	420	0.980915213647546
614	229	0.8463061263544743
444	490	0.882658890130512
157	357	0.8463061263544743
591	420	0.6459303681934883
29	426	0.7017692252162518
678	48	0.6578771870399094
155	39	0.8127952797244248
687	241	0.7190089911921524
605	375	0.8080815789293819
285	595	0.7993411655468732
462	200	0.8099387760963941
578	663	0.7158621158597871
157	13	0.7840862368827646
121	701	0.9036008741023988
507	627	0.757239453561233
212	581	0.882658890130512
157	362	0.9018249724025682
591	430	0.7773488938158333
614	237	0.8127952797244248
687	250	0.7052859178271615
99	462	0.7043920612783159
609	336	0.8658143841441651
686	262	0.8080815789293819
687	257	0.882658890130512
344	778	0.7229562189425532
486	805	0.8716844532600401
691	167	0.8357856772539496
350	666	0.7547148940075067
748	408	0.9306048591020996
753	309	0.6411958165340631
31	350	0.7369076559047278
453	17	0.8716844532600401
676	83	0.8177654339579425
287	543	0.8658143841441651
307	39	0.7752150344370604
278	691	0.7128347517618364
672	92	0.6967730926836612
574	684	0.8248504926144331
590	413	0.7256998389057147
686	231	0.9619720005271951
18	531	0.8442383699847695
344	740	0.7424289831881338
585	512	0.9619720005271951
503	646	0.774619080070035
204	691	0.7329968817300652
214	535	0.8716844532600401
5	418	0.7752150344370604
728	691	0.6920798966795321
95	467	0.8886450927224068
678	372	0.7128347517618364
676	56	0.7795354575489502
317	235	0.9235789319955533
691	141	0.8127952797244248
686	242	0.8036011866537396
18	520	0.668740304976422
450	29	0.7752150344370604
801	625	0.6876560219336321
691	142	0.7840862368827646
207	663	0.6536711238648317
620	101	0.7773488938158333
161	258	0.8658143841441651
284	593	0.7329968817300652
12	591	0.6459303681934883
309	29	0.789875685371258
150	81	0.7752150344370604
154	39	0.8127952797244248
674	81	0.8177654339579425
155	26	0.7840862368827646
350	646	0.8127952797244248
307	51	0.7752150344370604
802	612	0.8753880833468974
154	385	0.7795354575489502
643	715	0.8589471765151838
307	54	0.980915213647546
115	804	0.8630067105867871
502	633	0.7128347517618364
205	653	0.7711054127039704
543	191	0.9588138996728659
602	363	0.882658890130512
738	507	0.6967730926836612
738	509	0.6834748429486355
203	682	0.7993411655468732
150	51	0.8602806544914777
283	579	0.787251908934188
682	262	0.6305833524471807
385	281	0.9619720005271951
350	617	0.882658890130512
450	346	0.980915213647546
728	670	0.8050704027214417
546	165	0.7752150344370604
734	560	0.6920798966795321
678	357	0.6509980380274076
744	401	0.9235789319955533
151	395	0.8716844532600401
640	725	0.7795354575489502
585	507	0.7752150344370604
389	243	0.6536711238648317
212	546	0.882658890130512
157	323	1.0
444	462	0.7468267006961234
5	420	0.7752150344370604
350	623	0.7071067811865476
602	38	0.980915213647546
154	361	0.7795354575489502
450	357	0.7752150344370604
127	725	0.7329968817300652
646	784	0.8716844532600401
625	152	0.6920798966795321
199	750	0.882658890130512
34	39	0.668740304976422
756	357	0.8080815789293819
168	283	0.7203031067079846
492	781	0.8080815789293819
196	790	0.7382528143599749
609	81	0.7329968817300652
74	707	0.980915213647546
33	52	0.8286056549951747
372	410	0.9235789319955533
125	751	0.7547148940075067
357	676	0.8127952797244248
357	674	0.8463061263544743
131	642	0.7419543938214688
372	417	0.8080815789293819
790	758	0.7795354575489502
328	183	0.8080815789293819
464	287	0.7329968817300652
270	714	0.7773488938158333
698	183	0.7752150344370604
129	713	0.882658890130512
657	623	0.7840862368827646
425	709	0.910081606019087
41	250	0.7256998389057147
372	420	0.8080815789293819
197	790	0.7369076559047278
125	768	0.7598347358528301
105	122	0.6808103793758515
629	125	0.6876560219336321
105	127	0.6936113947301731
755	384	0.8658143841441651
509	672	0.7939521481469657
327	165	0.7329968817300652
328	152	0.7795354575489502
127	708	1.0
520	462	0.7468267006961234
453	81	0.7795354575489502
790	731	0.8408964152537145
698	152	0.7795354575489502
158	85	0.8177654339579425
420	741	0.8080815789293819
420	740	0.7795354575489502
229	420	0.7369076559047278
747	498	0.8716844532600401
169	262	0.6267508396157416
133	609	0.7369076559047278
747	492	0.6967730926836612
125	740	0.7598347358528301
467	231	0.9036008741023988
130	642	0.6967730926836612
235	317	0.9235789319955533
72	740	0.7598347358528301
522	455	0.9235789319955533
121	790	0.7795354575489502
531	309	0.5957751395148556
764	219	0.7711054127039704
593	499	0.9619720005271951
801	691	0.7329968817300652
167	250	0.7557140529366451
711	802	0.6389437431871404
614	281	0.7795354575489502
199	710	0.882658890130512
167	257	0.9036008741023988
591	485	0.7773488938158333
761	218	0.7993411655468732
647	733	0.6213665825010082
199	714	0.7752150344370604
509	659	0.7752150344370604
748	450	0.7329968817300652
199	718	0.8080815789293819
646	746	0.8886450927224068
328	138	0.9235789319955533
653	624	0.9724924724660731
421	703	0.7329968817300652
802	687	0.6943900348241819
647	738	0.8995032169557735
33	359	0.6967730926836612
457	361	0.7329968817300652
492	747	0.6967730926836612
589	557	0.7369076559047278
327	152	0.672162112443282
653	629	0.7017692252162518
327	155	0.7369076559047278
298	467	1.0
509	663	0.7071067811865476
32	355	0.8950154234464502
509	666	0.8177654339579425
756	321	0.8658143841441651
621	171	0.9619720005271951
199	725	0.8357856772539496
359	617	0.9036008741023988
653	635	0.7711054127039704
643	790	0.7563868244827463
753	361	0.7840862368827646
621	175	0.980915213647546
361	555	0.9235789319955533
492	758	0.7329968817300652
790	729	0.8886450927224068
165	298	0.8080815789293819
790	724	0.8408964152537145
463	262	0.7369076559047278
217	550	0.8716844532600401
32	386	0.8672488792828035
462	238	0.8027315018734994
640	790	0.7410130562283901
463	228	0.8716844532600401
609	361	0.7329968817300652
745	464	0.7329968817300652
514	537	0.8408964152537145
686	297	0.9619720005271951
34	361	0.668740304976422
802	663	0.6834748429486355
319	262	0.7329968817300652
738	593	0.8477089533361918
32	44	0.7043920612783159
214	593	0.7795354575489502
647	714	0.8248504926144331
39	307	0.7752150344370604
623	121	0.7071067811865476
605	72	0.7993411655468732
623	122	0.668740304976422
27	492	0.6367584694948073
357	614	0.8127952797244248
694	165	0.668740304976422
744	481	0.7752150344370604
450	83	0.7369076559047278
309	81	0.7355826385604035
327	133	0.8886450927224068
755	316	0.882658890130512
463	236	0.7148397874996596
589	539	0.7349283867017619
761	200	0.7993411655468732
317	291	0.9036008741023988
100	117	0.6623376993482669
650	640	0.7795354575489502
609	372	0.7752150344370604
592	462	0.7773488938158333
646	733	0.7517895873703291
29	450	0.7752150344370604
801	686	0.7329968817300652
464	229	0.8658143841441651
420	709	0.7752150344370604
621	157	0.6757463285468237
71	714	0.9235789319955533
653	614	0.7071067811865476
790	701	0.7795354575489502
753	340	0.9550752165192865
593	452	0.7795354575489502
803	663	0.6795129029542789
319	279	0.882658890130512
621	155	0.672162112443282
589	542	0.7795354575489502
166	262	0.672162112443282
189	152	0.7795354575489502
241	63	0.6920798966795321
81	780	0.8658143841441651
672	558	0.7017692252162518
468	81	0.7475831952268926
635	197	0.980915213647546
189	155	0.7795354575489502
430	798	0.9036008741023988
542	344	0.6769817747299217
733	709	0.7498942093324559
47	48	0.6102393847187542
92	611	0.8408964152537145
778	217	0.6757463285468237
702	236	0.6163735256687352
402	292	0.8118311915841596
528	596	0.8602806544914777
115	154	0.6484197773255048
433	767	0.8602806544914777
142	674	0.9774670514959272
402	294	0.7979600006536921
385	420	0.7329968817300652
307	509	0.7222843827750017
704	217	0.7598347358528301
117	133	0.7410130562283901
13	710	0.7017692252162518
764	81	0.7017692252162518
148	609	0.7071067811865476
189	165	0.7329968817300652
281	742	1.0
382	462	0.6459303681934883
766	67	0.9619720005271951
141	691	0.8127952797244248
733	716	0.7498942093324559
674	540	0.6757463285468237
542	357	0.8127952797244248
146	633	0.8357856772539496
251	262	0.7410130562283901
151	534	0.7453346013176595
307	511	1.0
672	571	0.8286056549951747
701	262	0.668740304976422
682	413	0.8513067785460409
241	81	0.7190089911921524
91	642	0.6367584694948073
540	343	0.9036008741023988
108	251	0.8111948018054888
772	262	0.8408964152537145
48	56	0.753733525894051
140	672	0.7369076559047278
310	409	0.7498942093324559
433	740	0.672162112443282
141	663	0.7598347358528301
301	554	0.7840862368827646
142	650	0.7840862368827646
766	37	0.9306048591020996
483	157	0.7410130562283901
544	301	0.6411958165340631
12	740	0.672162112443282
467	81	0.668740304976422
672	540	0.6967730926836612
573	801	0.668740304976422
430	789	0.9235789319955533
108	262	0.6876560219336321
541	344	0.7017692252162518
540	359	0.8080815789293819
150	525	0.8602806544914777
140	686	0.7128347517618364
540	10	0.9235789319955533
401	297	0.942942047540283
676	500	0.8950154234464502
674	525	0.7410130562283901
44	93	0.7711054127039704
703	217	0.7840862368827646
467	95	0.8886450927224068
41	74	0.8325252585949547
242	359	0.6654707678126904
758	490	0.9235789319955533
481	152	0.7795354575489502
758	492	0.7329968817300652
141	640	0.8950154234464502
136	743	0.8408964152537145
401	262	0.8080815789293819
242	360	0.8309363615501552
242	361	0.6654707678126904
775	219	0.8111948018054888
468	51	0.8408964152537145
241	31	0.7498942093324559
281	700	0.9036008741023988
701	210	0.9036008741023988
44	29	0.6411958165340631
185	170	0.9170040432046712
761	81	0.7190089911921524
481	165	0.8080815789293819
486	104	0.9036008741023988
53	229	0.8127952797244248
382	420	0.7752150344370604
486	109	0.7752150344370604
619	96	0.6992305256576715
301	544	0.6411958165340631
141	650	0.8658143841441651
629	281	0.882658890130512
629	283	0.6757463285468237
402	262	0.5969678329894411
338	196	0.8917795292374964
238	462	0.8027315018734994
44	32	0.7043920612783159
524	578	0.7773488938158333
525	560	0.8357856772539496
48	357	0.753733525894051
183	167	0.882658890130512
108	217	0.6967730926836612
627	270	0.6509980380274076
518	691	0.7329968817300652
47	372	0.7329968817300652
761	56	0.6564484546204755
168	81	0.7256998389057147
629	250	0.7557140529366451
52	278	0.7840862368827646
12	708	0.980915213647546
48	361	0.753733525894051
83	746	0.910081606019087
338	165	0.6564484546204755
525	575	0.9036008741023988
55	225	0.6623376993482669
81	753	0.8463061263544743
372	560	0.8357856772539496
168	91	0.6623376993482669
47	361	0.8080815789293819
236	463	0.7148397874996596
131	790	0.6623376993482669
44	51	0.6411958165340631
105	262	0.6578771870399094
764	372	0.7017692252162518
301	527	0.7598347358528301
663	659	0.7256998389057147
106	250	0.7071067811865476
402	243	0.6808103793758515
629	262	0.668740304976422
44	57	0.7806517579342631
20	663	0.6536711238648317
3	633	1.0
545	48	0.5957751395148556
67	155	0.7795354575489502
417	152	0.7369076559047278
283	790	0.7030685976108383
67	152	0.8127952797244248
740	666	0.7598347358528301
745	602	0.7752150344370604
283	794	0.7968134764403353
417	155	0.7795354575489502
152	593	0.8408964152537145
802	801	0.6943900348241819
542	83	0.8950154234464502
18	733	0.8131680511662575
396	336	0.8716844532600401
452	542	0.9588138996728659
712	164	0.765286392849854
712	165	0.6564484546204755
261	184	0.942942047540283
733	797	0.8124694573482099
554	250	0.6834748429486355
217	703	0.7840862368827646
709	243	0.7158621158597871
585	725	0.668740304976422
217	704	0.7598347358528301
418	155	0.8886450927224068
418	154	0.8127952797244248
554	256	0.7840862368827646
99	605	0.6459303681934883
716	128	0.8630067105867871
592	605	0.7099183944187994
214	748	0.8658143841441651
540	81	0.8357856772539496
281	796	0.9235789319955533
287	727	0.8886450927224068
248	48	0.6117220880533059
453	500	0.8950154234464502
32	502	0.6776050630371342
146	688	0.882658890130512
453	509	0.6623376993482669
117	191	0.8950154234464502
158	502	0.6367584694948073
409	270	0.7840862368827646
545	372	0.7382528143599749
541	79	0.9235789319955533
154	550	0.8886450927224068
633	3	1.0
248	397	0.8177654339579425
154	551	0.910081606019087
711	152	0.7453346013176595
95	686	0.7795354575489502
744	605	0.7099183944187994
287	735	0.882658890130512
67	165	0.7329968817300652
283	782	0.8137672982726186
212	740	0.672162112443282
151	595	0.7795354575489502
146	697	0.882658890130512
262	154	0.8127952797244248
262	151	0.7795354575489502
184	5	0.668740304976422
737	730	0.7993411655468732
157	525	0.7410130562283901
691	325	0.942942047540283
539	495	0.7913838578831089
605	546	0.7099183944187994
801	802	0.6943900348241819
396	321	0.8716844532600401
258	249	0.882658890130512
738	725	0.6967730926836612
290	668	0.7993411655468732
450	559	0.980915213647546
155	551	0.910081606019087
602	542	0.8127952797244248
678	526	0.8099387760963941
733	747	0.7017692252162518
154	526	0.8886450927224068
189	199	0.7329968817300652
243	81	0.6536711238648317
310	463	0.6967730926836612
47	81	0.7329968817300652
703	262	0.7329968817300652
702	278	0.7071067811865476
631	5	0.7369076559047278
541	53	0.7329968817300652
539	462	0.7206293714642109
631	8	0.8658143841441651
148	647	0.7840862368827646
385	462	0.7468267006961234
13	758	0.8177654339579425
740	631	0.8177654339579425
243	96	0.6932254553510164
155	529	0.8127952797244248
602	557	0.7369076559047278
20	615	0.8408964152537145
157	506	0.7453346013176595
285	740	0.7158621158597871
686	401	0.980915213647546
83	792	0.7711054127039704
711	143	0.8177654339579425
258	229	0.7369076559047278
350	801	0.7329968817300652
92	672	0.6967730926836612
778	234	0.882658890130512
91	686	0.7752150344370604
48	91	0.7731377071413946
602	523	0.882658890130512
20	642	0.7355826385604035
486	157	0.7410130562283901
702	250	0.7902984498398798
109	281	0.8357856772539496
702	256	0.8127952797244248
433	786	0.8602806544914777
142	691	0.7840862368827646
307	529	0.8357856772539496
62	193	0.8716844532600401
290	610	0.8248504926144331
117	152	0.6757463285468237
479	287	0.7498942093324559
248	359	0.7369076559047278
117	154	0.7840862368827646
732	740	0.7052859178271615
285	713	0.7993411655468732
702	262	0.6654707678126904
409	237	0.7071067811865476
242	81	0.6654707678126904
382	481	1.0
602	539	0.7349283867017619
243	74	0.8137672982726186
251	280	0.8716844532600401
96	619	0.6992305256576715
676	541	0.8127952797244248
389	401	0.942942047540283
151	559	0.672162112443282
676	543	0.9170040432046712
152	542	0.9170040432046712
544	357	0.6795129029542789
262	117	0.7795354575489502
639	183	0.6992305256576715
740	614	0.7840862368827646
711	121	0.6757463285468237
577	800	0.9291618524483843
95	633	0.8408964152537145
327	221	0.942942047540283
558	154	0.7410130562283901
354	740	0.7795354575489502
298	534	0.7840862368827646
509	732	0.7480400646793092
321	298	0.7369076559047278
750	462	0.8027315018734994
592	550	0.9036008741023988
586	666	0.8177654339579425
350	790	0.7369076559047278
748	535	0.8886450927224068
738	691	0.8111948018054888
694	262	0.7329968817300652
686	51	0.7752150344370604
457	442	0.8602806544914777
558	161	0.8463061263544743
699	202	0.7939521481469657
559	151	0.672162112443282
589	636	0.7752150344370604
650	742	1.0
702	5	0.6654707678126904
756	408	0.9306048591020996
333	122	0.6936113947301731
319	372	0.668740304976422
399	268	0.7634248928964038
620	262	0.6484197773255048
592	568	0.9036008741023988
687	397	0.8658143841441651
165	377	0.910081606019087
389	87	0.9235789319955533
357	725	0.8080815789293819
745	544	0.6213665825010082
558	131	0.6623376993482669
462	319	0.8027315018734994
161	388	0.8716844532600401
122	802	0.6757463285468237
650	714	0.8357856772539496
614	344	0.7030685976108383
691	270	0.7773488938158333
646	802	0.6367584694948073
492	800	0.8248504926144331
738	672	0.8177654339579425
168	307	0.7993411655468732
802	748	0.8753880833468974
593	520	0.7329968817300652
507	741	0.8357856772539496
503	790	0.5994213113246561
321	281	0.672162112443282
457	426	0.7017692252162518
744	560	0.7329968817300652
609	451	0.8658143841441651
217	640	0.7888808384594459
327	211	0.9505804190652317
463	312	0.8886450927224068
157	483	0.7410130562283901
609	450	0.7752150344370604
801	766	0.882658890130512
333	101	0.7773488938158333
620	243	0.6967730926836612
157	486	0.7410130562283901
650	727	0.7369076559047278
609	457	0.8080815789293819
614	357	0.8127952797244248
802	758	0.6943900348241819
592	541	0.9036008741023988
169	305	0.8525387817489403
686	389	0.942942047540283
319	359	0.7329968817300652
802	756	0.8080815789293819
169	309	0.7000667471538572
161	59	0.8658143841441651
753	426	0.7840862368827646
507	718	0.7752150344370604
558	110	0.8658143841441651
694	217	0.6757463285468237
734	698	0.6920798966795321
709	152	0.7795354575489502
585	635	0.980915213647546
444	592	0.882658890130512
740	589	0.7795354575489502
772	5	0.8127952797244248
258	173	0.8658143841441651
609	425	0.7795354575489502
309	481	0.7355826385604035
605	479	0.6593329981888053
747	507	0.672162112443282
259	165	0.7128347517618364
99	537	0.7498942093324559
258	178	0.7795354575489502
539	83	0.7795354575489502
