403	468	1.0
640	284	1.0
672	743	0.972243047480896
778	402	0.8354957315009736
702	420	0.9496665798465014
541	541	1.0
635	389	0.8460727457533653
483	357	0.8204084137302229
200	5	0.8301982679590494
53	462	0.8349004574768429
403	462	0.7421642409011359
539	605	0.7655706069055227
109	445	1.0
310	605	0.7674440786903904
631	81	0.8787567872314836
539	602	0.8322769772717712
629	492	0.9694305395899908
536	635	0.7970767332016897
701	426	0.8285870097131189
372	790	0.894446296597648
182	78	0.8346482249104481
146	802	0.8491664061505414
802	146	0.8491664061505414
238	663	0.8136667557502322
486	310	0.9351084775299675
633	53	0.8145107256176953
536	631	0.9534375546190831
801	154	0.8563581143392305
502	196	0.8476493348723619
344	285	0.9734510150009444
479	433	0.8337723408373754
48	574	0.8533304850361331
248	509	0.8207227954527628
640	270	0.8825869957802243
248	507	0.8406607331919074
540	540	1.0
301	740	0.8834440589059485
543	500	0.9641066762965356
62	320	0.9938439826128991
803	122	0.9580769940266163
636	357	0.848792852846453
636	350	0.9948674911139108
238	650	0.830735102006772
44	593	0.8304417502006554
481	361	0.8327955211291644
189	321	1.0
578	169	0.8816486181996491
238	658	0.805695984802091
479	424	0.9538488184370959
525	790	0.9594049267200586
481	359	0.8288338216918418
401	462	0.824126542896268
350	154	0.8536752446605754
250	422	0.9045806704795204
47	550	0.9660496731316697
633	381	0.9373940128286119
250	420	0.9409911761913029
502	180	0.8536487592690146
528	753	0.8598857252227801
402	452	0.8052071837818493
639	310	0.8834053628624522
301	731	0.9946353452053783
53	459	0.8593053933813704
237	653	0.8818085156269903
344	264	0.9683811102117121
474	474	1.0
640	250	0.8366121032443158
185	350	0.8049791248918434
577	167	0.9707323965785328
108	426	0.9195266005710117
578	153	0.9921739583829661
631	392	0.9798857673601999
758	687	0.8741571641911846
350	146	0.8571439045308429
333	81	0.8774463764583771
503	154	0.8281713905830352
474	469	0.9394555212067857
801	122	0.8440091486098535
53	420	0.8356451854399896
636	330	0.9626915959791315
766	548	0.7260342099960283
502	165	0.8520950095281794
344	250	0.9009900161292786
503	152	0.8058829981980116
243	531	0.985509783595008
758	677	0.9921449006021702
344	245	0.9711365406354772
331	95	0.9686922463856625
241	554	0.8710585322146891
758	672	0.8753753896643263
184	359	0.9101275284167847
627	472	0.9869834305088963
237	635	0.8490367759023292
666	802	0.8695280467489965
241	546	0.8695978735388725
756	698	0.8889959387091818
331	92	0.9552441066430586
178	464	0.8061092745792287
402	426	0.8048592126836625
372	740	0.8920996101207962
758	666	0.8661532101429488
642	204	0.8915005428500343
183	359	0.8927677923074613
483	301	0.8530722244683496
531	642	0.5833111152734455
204	183	0.8185600475873933
627	462	0.8428605932324988
758	663	0.8482204643644278
403	403	1.0
529	707	1.0
625	481	0.8140367464266437
47	516	0.9946483242570264
176	473	0.9881567919934046
52	416	0.9943404013443174
401	426	0.8089670563237883
502	141	0.8394327789794187
278	183	0.981834866671574
619	593	0.837146882229998
180	42	0.9617931533552482
758	658	0.8582931814958918
51	420	0.8955657969988063
41	580	0.9809123526060961
727	189	1.0
578	122	0.9566184527025349
338	338	1.0
636	301	0.9902044121189635
761	579	0.9207443143367011
631	361	0.8915480136675168
558	95	0.7972966670858257
205	157	0.855369657462363
525	740	0.8813554489378064
524	756	0.7922996066197947
236	626	0.9925630224740013
52	426	0.8349048778514156
623	492	0.8481175427546505
182	357	0.8319738232998536
243	502	0.8241071765179698
402	402	1.0
330	81	0.9568518460251616
577	121	0.8020895152814476
631	359	0.9327689150801319
764	534	0.9476163393424426
229	740	0.8622647174897302
725	199	0.8443569029043029
725	196	0.8532204114157329
39	657	0.9753693495220832
766	509	0.7505204124730434
530	635	0.8118903384611571
525	731	0.9842540213339283
625	462	0.7968441189877857
503	117	0.8519684678684148
728	155	0.7953142118127859
183	333	0.8781001876997429
242	509	0.8468195847262788
467	549	0.9521169773204182
182	344	0.8557756686884044
41	560	0.8166458787038424
182	345	0.925981852361225
180	20	0.8406817950459473
748	799	0.8829998296743742
168	586	0.8467515164334142
401	401	1.0
758	638	0.9921449006021702
728	150	0.9509008600249448
594	790	0.7041753593855045
204	155	0.7959274113424315
169	578	0.8816486181996491
429	196	0.8767797229485935
748	790	0.8397133510151996
100	462	0.7740724569606644
236	605	0.8482046359597156
557	83	0.8058603460821052
47	507	0.8271424257241307
463	580	0.9639208851009619
333	372	0.8859925593226253
278	151	0.8955089714991303
727	152	0.8362411374513672
627	420	0.8471673360064352
72	5	0.8258518377658012
747	790	0.8249130259306264
474	409	0.7127839498697067
697	473	0.9590787539204895
29	790	0.8798118970440699
125	5	0.8420138013809692
203	153	0.9715349207763923
327	471	0.98848928581204
166	593	0.7686019001667843
595	767	0.9506677251342127
467	526	0.9512329639575297
333	361	1.0
206	114	0.9855291648356905
764	507	0.833329732468209
178	409	0.7931003950171808
698	450	0.8957820441787695
333	359	0.9171461017824964
620	492	0.9140198122105506
756	635	0.8236171164967268
429	172	0.9914682856003755
78	182	0.8346482249104481
697	462	0.8254551917539642
33	672	0.8693916050206942
725	168	0.8629891793850974
592	792	0.7564573994171109
697	464	0.9590787539204895
468	509	0.8844519206354754
330	387	0.9833557561344111
167	577	0.9707323965785328
554	97	0.9927051929430089
754	652	0.9657740005096916
259	93	0.9880480527660328
429	167	0.8654299434867829
699	430	0.9958103253042524
167	568	0.9718039458976658
459	647	0.7816518707463126
591	798	0.982087604098535
32	672	0.8611877634131873
609	691	0.8793638660997466
563	284	1.0
259	81	0.8841652027012343
750	691	0.8372032640824246
331	361	0.8231640609620833
197	5	0.9737419622544317
614	595	0.8310551274454602
753	658	0.8441892877845447
694	482	0.9944678090562571
200	168	0.7971378685653463
753	657	0.815390354833387
558	382	0.9614281742666797
745	791	0.9844508438426601
259	82	0.9880480527660328
467	509	0.8160405574359465
573	122	0.8855396532893605
269	262	0.8268494862442262
429	158	0.8867167553456115
33	657	0.8302856115271415
33	658	0.9526200614471709
333	333	1.0
278	112	0.9916393996175943
727	122	0.860988345095282
330	372	0.9111289446698552
725	141	0.8578406139057778
29	740	0.8382222191738093
225	740	0.8642346864818335
725	147	0.9866556042654158
459	639	0.7875782561094605
5	790	0.8540077141738407
557	48	0.836061788369714
595	730	0.8520490095989406
463	546	0.8919521944666802
748	748	1.0
698	426	0.8648130318474618
462	551	0.844340560459884
457	657	0.8482956210648988
26	790	0.8214233724341651
457	658	0.8499061778022792
698	420	0.8489188098786874
158	691	0.8825869957802243
29	753	1.0
330	13	0.9378080751802105
277	117	0.7584410083876316
753	642	0.8136826366679041
756	605	0.7949783393229405
330	361	0.9541911711728248
556	49	0.9977066765238881
761	507	0.8164237751943334
268	268	1.0
328	429	0.8253114968591796
32	650	0.8663205692467774
330	359	0.9612848770026765
623	426	0.8371598957861269
463	534	0.849530984314782
459	621	0.8228023140410508
41	503	1.0
457	642	0.7381408477478415
594	733	0.8574854205508898
754	623	0.9707293187234899
327	429	0.8086247389134069
34	620	0.8381060822839873
747	747	1.0
268	250	0.7957666890739301
34	621	1.0
165	560	0.8557645120966269
426	165	0.9495480997231934
330	348	0.9895170891171938
331	331	1.0
426	167	0.8889104558604588
32	663	0.8345595956563814
462	539	0.8611770884802069
169	509	0.8484102441356013
330	344	0.9506534749153444
5	789	0.8477288196368566
327	420	0.845572277245755
298	730	0.8327595215817851
716	262	0.8074856037295834
32	658	0.8541849126191525
333	307	0.8464828736707405
32	657	0.8308540693443698
609	653	0.9807463121706305
330	330	1.0
462	520	0.8738941043188658
709	39	0.8596625679839962
157	678	0.8446180813683566
34	601	1.0
158	663	0.8887792702923699
687	560	0.881639561329021
716	250	0.8074856037295834
721	154	1.0
787	297	0.9820067208757083
621	421	0.8473189143688047
520	708	0.9822123849494757
78	127	0.828819864931847
463	507	0.8429804883605104
745	745	1.0
423	183	0.8399466607891157
168	507	0.8424794441420984
745	740	0.8246675124054522
77	152	0.8188946112799648
463	503	0.9559364358017597
452	679	0.8301016554341927
3	791	0.9955487667675289
559	321	0.8032251323040479
450	698	0.8957820441787695
396	462	0.807071625600355
155	698	0.9458099363315019
452	672	0.8407196970777028
157	668	0.8405764488176222
418	278	0.845612714547586
158	650	0.8458469843629896
592	724	1.0
750	635	0.8388568286169961
694	429	0.8706274082449159
99	764	0.8268542168427323
158	658	0.8385399441349981
27	733	0.842309194647346
715	250	0.9288416049849755
744	744	1.0
452	663	0.8491114284178116
129	152	0.8877507673758525
678	699	0.9969284312027635
426	133	0.8831013352388614
270	150	0.8837116297144055
694	426	0.8341777372108415
457	609	0.8599504369435721
5	736	1.0
258	39	0.8546624425219782
166	513	1.0
270	158	0.8825869957802243
694	420	0.837649044901436
462	502	0.8473428304517855
704	76	0.9095049888976839
158	640	1.0
418	269	0.8484734380776404
450	686	0.8688175760365648
316	558	0.831337859921717
558	316	0.831337859921717
679	679	1.0
453	646	0.9961857159351143
444	790	0.8807366500162442
77	117	0.8122660227195938
67	270	0.8326064018511022
614	525	0.8179901032971447
709	359	0.8412951785783851
418	262	0.8905727131215397
158	645	0.9869231347847144
158	642	0.9722613132842736
590	737	0.9020952362448013
199	199	1.0
259	359	0.8991485473136228
420	199	0.9060278484334332
199	196	0.9102627843679033
417	270	0.8495662080116627
453	642	0.7982024607391863
452	658	0.8291497345134603
609	620	0.8601443678443843
712	270	0.8994927222880538
546	492	0.8373159481133415
155	678	0.9466180054056461
792	165	0.832579360249498
704	66	0.9238773474316541
551	397	0.8808491092600218
423	154	0.8875089062906154
787	262	0.7963589994593353
450	675	1.0
127	165	0.834266650734431
258	369	1.0
744	729	0.8878772726643471
686	540	0.8650063633544026
422	168	1.0
165	502	0.8520950095281794
319	509	0.8954439971478697
678	678	1.0
426	115	0.9488946024355781
251	96	0.7499223266751122
127	157	0.8347987436178063
546	481	0.8656532018792816
712	262	0.8383897738606813
258	13	0.8145317466055904
157	635	0.8579831339170666
262	262	1.0
676	694	0.9782113638492759
609	609	1.0
129	129	1.0
127	155	0.8565984448083354
258	357	0.8550745470041127
422	152	0.7114581841906924
127	152	0.8338972251749255
548	457	0.8448624237910196
152	698	0.8461733960947394
396	426	0.8880868785315161
452	631	0.8498046773485654
309	659	0.9513322598130678
447	734	0.938805582096162
96	766	0.9411804718074717
744	716	0.7571255730734492
421	165	0.8435905151315466
647	199	0.8507306463228859
155	657	1.0
790	169	0.9086938898117218
741	741	1.0
157	621	0.855369657462363
262	250	0.8828743275719115
778	48	0.9475015221437012
72	168	0.8447810312740921
452	628	0.89976268726084
251	81	0.7280008278077457
740	750	0.9004129886902751
197	197	1.0
152	686	0.8412784152021717
3	745	0.9886017492607995
778	41	0.947610874064529
709	324	1.0
122	199	0.8973976940309762
647	183	0.8799160041201249
199	167	0.9684671726102987
678	657	0.9466180054056461
396	418	0.8265700450278837
602	676	0.8154372908290196
421	152	0.8127952797244248
420	168	0.9680771164244178
122	196	0.9303523220575922
679	642	0.9792676309064132
57	57	1.0
261	261	1.0
711	250	0.832123234560018
91	790	0.9560700304539591
55	78	0.8144686722456211
450	646	0.8386085307515191
270	115	0.9432735549392428
546	463	0.8919521944666802
778	34	0.8344487163549839
196	199	0.9102627843679033
196	196	1.0
146	786	0.8670997311365978
262	241	0.8736755359009057
321	417	0.9855693032061024
787	231	0.9820067208757083
151	684	0.9946716835628734
703	41	0.7255605923436093
676	676	1.0
740	740	1.0
127	133	0.838067344940846
317	509	0.8843692234821989
148	761	0.8073906320347272
712	234	0.9841142637272663
127	127	1.0
602	663	0.8388268889204232
127	125	0.9850799424024249
69	229	0.9784110239974031
290	740	0.8353284729837668
5	702	0.8422925720375207
450	635	1.0
99	709	0.8126244705475422
413	270	0.8740674011668396
150	686	0.8302902067758037
674	686	0.8670183018487839
72	143	0.9627715001892371
307	658	0.928808070375569
422	122	0.8828773171688937
740	732	0.9020618057373225
704	361	0.7847633876643311
420	141	0.9518682668921576
409	359	0.8421595084226065
668	792	0.7857613693746589
678	635	0.8965977839713521
56	47	0.9336247873815033
199	141	0.9515819517830946
602	653	0.8216411385468441
668	799	0.9612502655947136
213	804	0.9929615292013483
741	717	0.8682476010748177
403	81	0.8866848500343475
676	658	0.8954764884486311
55	55	1.0
155	621	0.8600905288469441
778	361	0.8386385250531334
259	309	0.7162273554362256
409	357	0.8090387041279412
260	250	0.8977066879498055
544	462	0.8154894197650936
307	643	0.8554218812491919
740	727	0.9642631925120962
740	724	0.896940831835113
704	357	0.8297698135984846
676	655	0.9761204638192903
450	620	0.8359522968568189
146	761	0.8576906062465504
55	51	0.8856040355301394
421	122	0.8153486180654885
152	657	0.8445936198920373
117	270	0.8321006085587132
250	63	0.9039206943938188
121	183	0.9831996213460767
492	167	0.9528463697745879
674	674	1.0
53	76	0.9499283052271711
702	372	0.8747390566903195
122	167	0.8874195313564058
250	58	0.981293786005889
109	55	0.8433682955436804
96	722	0.8274063934496506
778	359	0.8495583814068879
382	591	0.9443042914608993
672	690	0.972243047480896
605	605	1.0
56	56	1.0
678	620	0.8485602759878464
310	560	0.897908729297658
544	450	0.7796996928338661
57	388	0.9321530267385801
703	359	0.8074856037295834
639	284	0.9838287266603265
155	605	0.8387883840300234
57	385	0.9282240492328184
790	128	1.0
197	157	0.8388568286169961
258	301	0.8641096575392426
250	51	0.9024367588132913
647	148	0.8974963333375634
125	127	0.9850799424024249
115	287	0.9543334202627476
542	479	0.8476135496999633
790	122	0.9390504063795224
125	125	1.0
199	122	0.8973976940309762
702	361	0.8909351191512854
672	685	0.972243047480896
778	344	0.839044849921455
420	122	0.93740580481352
401	81	0.8310779534255455
95	706	0.9575902824125926
678	614	0.8416299560864773
382	581	0.9443042914608993
629	97	1.0
150	663	0.9940982719734807
63	241	0.8756923458714883
115	270	0.9432735549392428
479	39	0.8511214768249474
150	658	0.8824280837096079
539	544	0.8272037565165412
250	385	0.9716435107062502
413	243	0.8077700506095693
152	635	0.8423673557054818
53	50	0.96387561101342
643	183	0.8877392606355441
740	701	0.8968149756439051
702	359	0.956189811934377
543	453	0.9565007531422005
56	361	0.8359698222459485
53	53	1.0
545	429	0.8368819656270908
105	81	0.782022868038531
189	270	0.8422177418625287
778	331	0.8404625709902279
152	628	0.8997862495164138
542	462	0.8222330011367374
189	278	0.9797675505889064
539	539	1.0
545	426	0.8081870853038166
672	672	1.0
403	48	0.7865896503835224
146	733	0.834342175109976
72	105	0.9627715001892371
141	790	0.8958225498719182
63	250	0.9039206943938188
403	45	0.9810810541908008
529	691	0.8269109692527183
638	278	0.9525322437435148
544	433	0.7948910988960997
150	642	0.8912573265690299
674	640	0.7980449203489735
674	642	0.8058546823566377
734	801	0.8461130159476935
702	345	0.9608739219326782
108	44	0.8362411374513672
152	620	0.8579867860980276
152	621	0.8434382977727681
56	372	0.793901851851956
117	235	0.8452645105255722
52	52	1.0
189	262	0.8444671565304464
546	400	0.9626442838547464
382	558	0.9614281742666797
178	83	0.84960142148869
539	520	0.98194993286136
57	335	0.9293686604177139
544	421	0.9887804225323716
57	330	0.8327550208723176
53	39	0.8521524850057874
55	357	0.8606814645978063
602	602	1.0
197	122	0.8189806320182959
647	117	0.8239472822171939
775	350	0.8056789685082973
122	122	1.0
540	466	0.9672147842624347
248	426	0.8389807848818189
109	13	0.8259948762859394
668	740	0.8152442106681211
733	801	0.8395263759382134
701	345	0.948363004905678
248	420	0.8256226147917068
91	740	0.8768644249062174
250	361	0.9045150767299026
704	309	0.7812937058576063
105	67	0.9837810807040605
772	39	0.8087628921762627
479	357	0.837713826107882
545	400	0.9706415711249972
409	301	0.8350153340085016
534	578	0.8252731486257286
248	429	0.8457622149839458
196	122	0.9303523220575922
402	39	0.7899473415400143
150	623	0.9563692874487766
150	620	0.8568641072041614
106	41	0.9655345313548034
344	199	0.9323695239587804
146	717	0.8669062490938543
301	666	0.8760779481256172
53	43	0.964277705623165
250	359	0.9534776900640743
674	623	0.8097801259787746
243	474	0.838419822981191
666	758	0.8661532101429488
237	588	0.9642648051555034
142	753	1.0
541	445	1.0
385	509	0.8638835895869157
53	361	0.8548611755614066
403	361	0.8756005112293904
48	463	0.8638766270791896
544	406	1.0
176	96	0.8912713171054257
627	73	0.9852464882943819
48	460	0.9445393188474507
105	50	0.9802700024557689
640	183	0.8318378317004295
474	56	0.764519397077599
642	158	0.9722613132842736
108	359	0.8268825964559862
310	504	0.9607647875142544
536	536	1.0
642	150	0.8912573265690299
301	653	0.8956442288372
672	631	0.8840497406732823
243	462	0.8422551627672769
772	361	0.8389337820791788
51	51	1.0
481	270	0.8270385625775386
666	740	0.8600797582159949
105	39	0.8442710803579514
402	361	0.8894735824133382
109	330	0.850641469368686
100	96	0.7697788625404386
235	593	0.8799343670097625
281	803	0.8296081654475844
250	330	0.9592193543226231
235	590	0.8710256746042416
486	204	0.930716484810829
237	573	0.8882073169329949
52	35	0.9893689850092041
702	301	0.9623551633345897
636	258	0.7899929172414152
772	359	0.8550483635616358
702	307	0.8651029157951365
185	278	0.7545175382928514
238	795	1.0
385	725	0.8499919965757727
122	330	0.9229252919495731
420	301	0.9807935678406766
238	790	0.8314971702175485
546	605	0.8144266036686911
413	420	0.8689045183239437
483	479	0.8603236609986279
217	167	0.8427571394580947
639	459	0.7875782561094605
122	333	0.8902036288770366
585	183	0.815144936869201
540	672	0.847784427947706
217	165	0.8373809098757172
310	728	0.8780349597499514
730	5	0.8031091749175985
402	593	0.8279091271169191
544	621	0.8358427048647936
357	214	0.9656702815765423
586	168	0.8467515164334142
703	521	0.9717596537558288
643	361	0.9656734740913463
509	234	0.9726534482393494
117	420	0.8391344834904239
48	697	0.8670183018487839
481	492	0.8218091360742599
643	359	0.959458378441177
48	694	0.8749780613150437
63	434	0.9912411409288271
413	413	1.0
243	686	0.8351389236015886
589	129	0.8498515342564518
738	183	0.8793823098430701
250	554	0.904656314226362
483	462	0.7536430427566428
310	712	0.8490053295132473
483	464	0.7816518707463126
185	492	0.8285030695789546
589	122	0.8690414960169144
640	48	0.859186103888
514	129	0.8800995124250187
778	503	0.947610874064529
636	479	0.8108210500403498
382	740	0.8123891968004443
542	635	0.8408585689538335
540	653	0.8512296038082335
217	142	0.8451346895126384
536	740	0.8321187097042689
481	481	1.0
106	580	0.9405561256723878
540	658	0.9114068171194505
479	542	0.8476135496999633
108	560	0.865085679819515
534	764	0.9476163393424426
243	679	0.8462337460971423
48	663	0.8689345995483818
62	413	0.9892396035713031
117	413	0.8477089533361918
540	650	0.9293289949733045
109	541	1.0
344	389	0.8742948890473577
344	387	0.9688420924496887
629	591	0.8271660182576596
803	237	0.8797690043484875
310	709	0.7780463312834789
109	548	0.8192029807018665
801	250	0.832123234560018
585	152	0.8434382977727681
541	630	0.9797718773527601
636	462	0.7955375764309068
196	307	0.8980839284461628
636	464	0.7979053759969572
53	570	0.9709753315334054
474	590	0.8523515235087318
48	672	0.8602663156441158
584	162	0.9843503731521372
248	608	0.9805958470913325
702	507	0.891659639966461
189	429	0.8341466017985069
578	275	0.9890979568617081
241	686	0.8838274011684335
474	587	0.9222243386365654
338	480	0.9628285462171645
242	663	0.8302672287519948
48	642	0.8628277752454817
801	241	0.8412951785783851
541	621	0.7999748679185922
251	516	0.9480183426245686
213	170	1.0
344	372	0.8849175572681878
189	420	0.8616317310899028
48	640	0.859186103888
503	270	0.8150717335618507
217	125	0.8408080886649769
766	663	0.8188186580652248
56	507	0.7989147294985897
584	155	1.0
189	417	0.9855693032061024
578	262	0.8733856643613878
178	589	0.8617167899202723
640	359	0.8297836589021197
632	492	0.8068528483891437
766	657	0.8400694962487449
585	133	0.8350727308143864
474	578	0.7961742336245419
242	653	0.8740128706894008
241	666	0.863737294367609
775	504	0.9669667344057814
47	665	0.9946483242570264
344	361	0.8851350518461043
468	686	0.7970950772573706
534	730	0.8145107256176953
635	450	1.0
242	657	0.8632798750742664
185	452	0.8336875232624162
56	516	0.9337500700827162
764	674	0.8750194423481609
184	462	0.793776013440097
18	167	0.8372942863503965
182	481	0.8350683166557868
243	635	0.8177705448801044
643	307	0.8554218812491919
243	633	0.8170476882117377
242	649	0.9600133770317327
766	642	0.7727509462952846
338	462	0.8142160322982296
586	108	0.8787691429437245
344	344	1.0
212	157	0.8348916162361899
764	663	0.8270574535782317
176	593	0.8158276905327604
44	663	0.9122250055910851
483	409	0.8730983498223807
635	430	0.8957226126269446
635	433	0.8530798281836474
764	658	0.8222280812536484
243	620	0.8627680723641526
627	564	0.9856246477059885
18	148	0.7739973662592815
481	420	0.825062010070419
762	676	0.8496952741786558
100	593	0.7509575166072567
100	590	0.9398246793603816
344	330	0.9506534749153444
51	525	0.8949529161998145
502	243	0.8241071765179698
437	184	0.9933576098404472
728	278	0.7905772572184158
534	702	0.8227533438331992
629	533	0.995735643358318
758	757	0.9921449006021702
636	409	0.8221247160760539
278	278	1.0
18	117	0.8452969439817071
758	758	1.0
728	270	0.8661976336017371
288	117	0.7991971962913225
238	707	1.0
184	437	0.9933576098404472
531	733	1.0
761	672	0.8324260082627443
574	262	0.881234355339536
15	165	0.8395263759382134
467	657	0.8493507922443364
468	642	0.8142002240687298
467	658	0.8652820275962501
41	698	0.8075191044913412
528	805	0.8598857252227801
733	167	0.8372942863503965
205	258	0.7816448589378052
698	584	0.9458099363315019
727	278	0.9797675505889064
697	591	0.8464708309209653
464	689	0.8536222681240354
285	145	0.9908564229196912
635	407	1.0
204	262	0.7980691715052212
727	270	0.8422177418625287
284	158	1.0
51	507	0.8887022068943058
51	508	0.9737690662306295
625	560	0.8307946005818709
51	509	0.896027581922078
756	764	0.9603157629690737
577	216	0.9690743452088195
207	221	0.9440071236931281
168	691	0.8444467467933514
277	277	1.0
764	629	0.8307717200443927
106	503	0.9655345313548034
401	509	0.8112542741613951
727	262	0.8444671565304464
207	217	0.8446547642870776
344	301	0.896385599704817
467	642	0.7889137037018333
464	678	0.8466152648279841
44	621	0.8238842338713588
756	756	1.0
180	462	0.8445976971491609
44	623	0.8593559660447024
753	790	0.8798118970440699
169	676	0.8149199515758107
463	686	0.8453860910963661
463	687	0.8530950341911445
52	508	0.9878779798367984
47	609	0.8779914555982701
52	509	0.8966273007548026
52	502	0.818427986528018
236	702	0.8477288196368566
183	420	0.8898306405537785
105	509	0.7736211458118183
733	141	0.8175198463445815
733	146	0.834342175109976
207	207	1.0
621	593	0.8462136327770888
727	250	0.8701848596008551
457	790	0.831469875052078
180	450	0.8285497103357515
130	5	1.0
718	56	0.8878025347915109
755	755	1.0
623	567	0.9762299721796652
734	122	0.8543656160490858
474	502	0.8420637779649864
32	790	0.8849675553529138
728	230	0.9625398132547811
698	559	0.9034253980816828
623	560	0.8839934516791776
205	225	0.8088181072581515
268	399	0.8767263626858959
39	709	0.8596625679839962
621	585	1.0
718	48	0.8145107256176953
206	206	1.0
789	81	0.7891434924622733
761	635	0.8012141388123067
12	144	0.981691256713734
464	657	0.8356539710236843
169	657	0.783907718640538
169	658	0.8290801202669299
631	420	0.952986527234873
573	237	0.8882073169329949
463	666	0.8838244339953312
281	151	0.8441279069296797
756	730	0.8017025898796413
698	546	0.9183746502472175
627	507	0.8560282787614488
277	243	0.7694036042580963
281	157	0.776786308066792
699	534	0.8446262340918907
754	754	1.0
34	778	0.8344487163549839
283	125	0.8390790039465388
730	156	0.9183043027053138
169	642	0.7863007826462842
750	792	0.8588674305686078
331	462	0.8530608180057883
623	547	0.9762299721796652
614	691	0.8366033878540121
755	732	0.9485114834315597
418	81	0.8502140634951292
558	481	0.9603389958395548
718	372	0.798335594352281
200	262	0.7566600460046242
718	25	0.8598389677701809
269	361	0.9758922919487362
753	753	1.0
167	658	0.8927954421929245
698	534	0.8419554691106284
12	127	0.9712883664050028
69	69	1.0
464	635	0.8349181379922743
12	122	0.8351786216529397
429	250	0.8532583790656968
331	452	0.8293444370385205
180	414	0.9713021605131326
166	660	1.0
165	676	0.8469396118939183
204	204	1.0
41	635	0.7697944705426325
459	733	0.8395263759382134
437	117	0.80928087537115
165	672	0.962039213119114
559	463	0.8319557000749208
269	359	0.9125812055560677
621	559	1.0
167	650	0.9291597618344777
718	361	0.8156872972755744
560	62	0.9531335374387715
429	248	0.8457622149839458
83	178	0.84960142148869
333	420	0.908603454142596
753	740	0.8382222191738093
687	698	0.8091158136623375
84	164	0.9740623546765411
269	357	0.8366295321185208
319	677	0.9946716835628734
428	254	1.0
459	727	0.8059792199995678
614	678	0.8416299560864773
168	636	0.9913872991771605
319	672	0.8819591764317748
433	157	0.8538982504341038
453	790	0.812378491199201
557	479	0.7846883504153498
77	262	0.6967589821413036
165	663	0.9418836900018007
464	621	0.8228023140410508
659	183	0.8501089245173655
426	270	0.8533342789059827
268	18	0.8802858050318828
716	372	0.8375669383294055
686	698	0.8722909800927007
136	165	0.8257420573369528
621	540	0.8301614724675692
12	109	0.767196658840007
687	687	1.0
621	544	0.8358427048647936
203	203	1.0
81	168	0.8892491998256803
730	122	0.8601443678443843
558	452	0.8164909673786548
658	183	0.9035220665613526
457	739	0.9450397180558546
133	196	0.847693057948845
609	762	0.9869628780451049
319	658	0.877293328649039
459	711	1.0
13	109	0.8259948762859394
557	462	0.6600158995956567
714	44	0.8582348794748825
452	790	0.8289175277227191
557	464	0.7778361081665054
166	641	1.0
558	450	0.8953383433877097
657	197	0.8634162307449488
658	180	0.9158666175357255
716	361	0.8074856037295834
686	686	1.0
136	155	0.8281339599532431
34	736	1.0
803	5	0.8029524463053209
281	109	0.8275005249471271
319	657	0.7926625696237664
554	492	0.976013832537545
623	509	0.8738684102416189
595	803	0.8429804883605104
261	81	0.8859371289002651
328	507	0.8356495783126581
418	396	0.8265700450278837
418	44	0.8390021437000493
165	642	0.8465069555729772
270	270	1.0
750	750	1.0
716	359	0.8074856037295834
425	262	0.8284517435091197
331	426	0.8276791685614749
426	250	0.8497265422895767
716	350	0.8074856037295834
327	507	0.8456773860890576
83	129	0.8446343862646051
83	122	0.8740160790238657
200	217	0.9611348311880479
605	790	0.8480581251094529
802	5	0.8468996160674848
686	674	0.8670183018487839
418	32	0.9005900109225486
417	48	0.8025975652606354
165	631	0.8525349630289625
262	51	0.8760274449859728
319	638	0.9946716835628734
548	593	0.9747383196772224
658	167	0.8927954421929245
750	740	0.9004129886902751
31	753	1.0
556	453	0.9966817161791737
748	802	0.9856979456768844
789	361	0.8234224677225825
67	67	1.0
157	764	0.8385999595715762
712	48	0.8569893587439907
117	96	0.8533191027181006
298	803	0.8119494551912377
78	237	0.8006050757308238
558	426	0.8228170011259026
548	586	0.9698044124166464
423	270	0.7627944956730272
691	560	0.8790591526921071
686	661	0.9519441629690553
715	350	0.8877622730722289
722	228	0.9304972790228927
430	149	0.9854737827821378
789	359	0.8169602321746698
709	461	1.0
557	438	0.9634885572488142
359	196	0.9305696982692265
678	790	0.8373419370518498
129	258	0.8858933508856883
687	647	1.0
200	200	1.0
657	162	0.9843503731521372
621	507	0.8496053334666694
270	255	0.9984124569264715
714	359	0.8565023692602168
321	559	0.8032251323040479
433	109	0.7921208818166712
417	372	0.8789759205649096
154	790	0.8582531018347225
259	462	0.7467147422121202
679	778	0.8465551049953567
421	289	0.9887641888441102
548	578	0.8556715008816518
72	270	0.8183161259298085
418	363	1.0
67	372	0.8108427497647771
27	802	0.8536146981683448
262	33	0.8696277872950925
657	155	1.0
31	733	0.7702150515652856
67	48	0.8244504571148793
262	32	0.8905727131215397
453	740	0.8810949535503761
548	571	1.0
682	694	0.9952725132749665
712	372	0.8786733543495637
117	80	0.8198926010291309
157	745	0.889666405048414
418	355	0.9005900109225486
418	359	0.8790344970718644
307	790	0.852729565258361
417	361	0.9629083709300028
694	507	0.8681030150096511
422	262	0.8511098860860787
554	450	0.7860920673875469
694	509	0.8465470814227971
389	661	0.9675238279539036
258	462	0.8503268892638133
614	614	1.0
115	96	0.7801554251877142
602	792	0.8913272638833791
133	142	0.8600618050660273
80	127	0.8312148172286753
133	141	0.8512489020846914
74	239	1.0
63	63	1.0
682	682	1.0
413	62	0.9892396035713031
556	426	0.8051559099438222
389	653	0.8328450027271497
262	363	0.8905727131215397
686	631	0.8595400190628832
321	534	0.8543618541220064
422	250	0.9045806704795204
557	409	0.7870716795127519
127	250	0.838916685579573
357	199	0.8538378145736119
676	790	0.8453091042822497
133	133	1.0
309	758	0.8336964542731425
679	751	0.9792676309064132
154	764	0.8957496303904994
115	81	0.8272320523038311
712	359	0.8763553517296188
409	483	0.8730983498223807
790	269	0.9139682027579069
486	62	0.9250405882071598
385	691	0.8504590344391714
117	53	0.8431043923193501
659	100	0.961655167173207
131	154	0.8203884244894045
548	548	1.0
67	361	0.824888978582101
259	426	0.8045101853000572
712	341	1.0
259	422	0.9880480527660328
744	801	0.8290429759319462
657	127	0.8565984448083354
310	698	0.7721109593754625
711	350	0.7987159831904509
199	269	0.8688878033821444
551	462	0.844340560459884
133	127	0.838067344940846
422	237	0.8946535451439966
655	140	0.9962036892611538
560	310	0.897908729297658
389	635	0.8460727457533653
151	780	1.0
710	13	0.8970130763331414
258	433	0.8556454450544234
486	53	0.7726217243456014
674	799	1.0
396	503	0.9452642012672047
483	83	0.9429948419481103
80	117	0.8198926010291309
62	62	1.0
199	250	0.9299975465853011
674	790	0.8771807661439203
421	241	0.8524127007236294
396	509	0.8313879519011836
359	141	0.9295146940993451
5	802	0.8468996160674848
710	357	0.8555150825381738
385	672	0.8684826138369351
650	196	0.8971868314091435
150	790	0.8315790181027152
691	509	0.8944053525324248
420	250	0.9409911761913029
544	572	0.9868312712840348
422	229	0.8057129985805684
676	762	0.8496952741786558
310	678	0.7650910753149717
71	255	0.9974244012346477
417	321	0.9855693032061024
131	131	1.0
704	462	0.8274299333524352
421	237	0.8334595558914285
709	401	0.8643249064824521
636	93	0.9913872991771605
127	217	0.8342799820434356
546	546	1.0
197	269	0.7920058380649928
605	716	0.9705707167636044
710	344	0.8770148648971356
160	622	0.9660321612002853
778	460	0.9584392127210526
450	727	0.8414082702540827
421	229	0.8134494987894272
636	83	0.838157712586706
775	497	0.9678086079396738
307	740	0.8784289169053099
413	18	0.8039184271274769
417	318	0.9693326385772008
650	180	0.8561506811282632
775	492	0.8273545891556247
542	589	0.8416090597832034
712	310	0.8490053295132473
154	721	1.0
682	635	0.8072620163202519
385	658	0.8744004819646319
602	740	0.8305426717100318
647	250	0.8606207114093115
262	319	0.8703733004381444
574	5	0.8012554140434829
792	200	0.9275612911011685
605	703	0.9705707167636044
155	714	0.8395731470396804
672	790	0.9053977961745903
778	450	0.8350903858156606
545	545	1.0
539	651	0.9669540829893462
539	653	0.8022415823909662
507	196	0.8709171828877873
310	658	0.8384970575498735
417	307	0.8321639505131928
117	18	0.8452969439817071
196	269	0.8855279439063518
121	270	0.8763710948569771
674	764	0.8750194423481609
382	686	0.8530950341911445
151	756	0.8018962159399767
646	250	0.8402175787004885
650	167	0.9291597618344777
540	595	0.8654540060765419
635	78	0.8459599177760118
338	96	0.8207975241470888
639	372	0.8384584464906841
479	483	0.8603236609986279
196	250	0.9347601470611012
544	542	0.7962604950294471
109	483	0.833329732468209
544	544	1.0
56	462	0.7956305156037149
125	217	0.8408080886649769
121	260	0.8807305682738307
382	672	0.8031149755710775
674	753	0.9831742858292322
701	462	0.8141527864850355
152	729	0.8984759317325919
633	95	0.8141264239092746
633	96	0.8172634755652669
486	357	0.8031207759312968
199	216	0.9637251294406975
534	698	0.8419554691106284
479	479	1.0
544	539	0.8272037565165412
534	699	0.8446262340918907
57	469	0.9465666096511299
646	241	0.8336875232624162
409	424	1.0
507	172	0.9819570326204702
310	639	0.8834053628624522
115	361	0.8279560025460094
543	543	1.0
251	462	0.7753635231806666
67	307	0.8478757290666913
63	350	0.9788893382958725
704	426	0.7920122324541058
529	795	1.0
338	81	0.865625745666444
803	165	0.8289965291250914
643	270	0.8430631051616931
357	122	0.8560765125010195
801	182	0.8315790181027152
540	577	0.9659636841385003
772	499	0.9966791573077057
486	344	0.8114648851328808
197	225	0.8058206941510457
238	691	0.8269109692527183
150	740	0.8884392686707496
122	237	0.9014869891916556
189	361	0.852599864990663
189	359	0.8754705608929745
413	320	0.9872626470240968
47	590	0.9634739607188861
542	542	1.0
307	702	0.8651029157951365
703	422	0.8074856037295834
542	544	0.7962604950294471
643	262	0.8508894518331859
703	421	0.7398492149486878
545	507	0.8058999843605011
197	217	0.796229694894014
545	509	0.7760366454556308
409	409	1.0
536	656	1.0
642	270	0.8791946721467309
633	77	0.8216312488478271
507	158	0.8820043395636692
702	429	0.8688343004375213
643	256	0.9913155676137128
528	788	0.8598857252227801
196	224	0.9700474310947177
55	462	0.8120192815955912
55	465	0.9776926649419518
643	250	0.9076291166901426
486	560	0.9572801156232651
199	420	0.9060278484334332
701	671	0.9470924925483795
409	636	0.8221247160760539
298	165	0.8620599718757351
646	453	0.9961857159351143
420	420	1.0
778	642	0.8407070643961109
540	790	0.8619079576831999
802	44	0.8475260302852383
540	792	0.8477129268570515
479	689	0.879523621991721
646	450	0.8386085307515191
650	15	0.9803590749454134
421	406	0.9887804225323716
592	178	0.9818860188539303
57	653	0.7634248928964038
748	155	0.8247445913427572
5	197	0.9737419622544317
544	740	0.8056165538982425
56	665	0.9337500700827162
594	152	0.8254695516171087
5	196	0.8439886612104089
703	640	0.7772176353643806
115	571	0.9543334202627476
359	301	0.9820081402815724
745	189	0.8170682565828764
117	543	0.9865209610724428
350	63	0.9788893382958725
546	716	0.7724542710455543
502	94	0.9267483813622741
26	199	0.8150978828834066
483	589	0.78349466400196
403	691	0.8466673791549829
802	31	0.8775961198756267
67	507	0.8289454165890304
479	679	0.9805628664858363
647	429	0.8752833219105789
639	563	0.9838287266603265
578	69	0.8799068216692763
56	672	0.8163358500425401
747	152	0.8220409728225545
701	657	0.824489073966169
546	709	0.8589435528235727
701	658	0.9435347952535463
647	426	0.8493625520609244
130	301	0.8401414448308564
251	665	0.9480183426245686
543	740	0.8609277433664829
251	663	0.8455601434151143
109	678	0.8236754483879541
260	518	1.0
486	540	0.8282415411118882
586	270	0.9923415846790576
647	420	0.8564062182139345
26	165	0.829640512719491
479	663	0.8746433267062215
354	354	1.0
57	635	0.8384627372230443
802	27	0.8536146981683448
509	341	0.9898047751235696
653	301	0.8956442288372
47	790	0.8514648338245508
748	133	0.8303774826933814
206	80	0.9396276636331528
29	122	0.8746975827013698
636	589	0.8333342114954277
520	125	0.9850799424024249
520	127	1.0
225	122	0.8553995023590999
196	432	0.9702205346497378
122	420	0.93740580481352
242	796	0.9604418370004044
772	686	0.7916150952550869
115	548	0.9543334202627476
772	687	0.9966791573077057
481	591	1.0
701	642	0.864951156641453
99	192	0.9556018762348156
91	5	0.8370079827769977
196	429	0.8767797229485935
108	672	0.8016497259132732
766	790	0.8026266952269472
585	270	0.8278247044980712
479	657	0.8340130720935287
509	330	0.9591557672487263
109	653	0.8464989288050785
56	658	0.7753709423948241
748	122	0.8398957955193637
737	299	0.9317579322035663
802	359	0.8565060658688386
108	664	0.9285247841272165
728	99	0.9507158085869023
586	255	0.9946483242570264
747	133	0.8259948762859394
242	790	0.8851233049425978
357	301	0.8518533157164969
586	258	0.6375005235143839
772	672	0.8406270265404655
745	157	0.889666405048414
350	31	0.859867743693369
121	420	0.8922274177035782
541	740	0.8362061636471753
225	109	0.9584190210963516
502	61	0.9283082396030868
635	589	0.9021055208103113
481	581	1.0
205	83	0.8548536820706181
479	642	0.9608854917073995
413	502	0.8091653569271686
52	672	0.8791638851088174
540	750	0.9638254687608624
108	658	0.8293768563720632
250	643	0.9076291166901426
350	372	0.8948468557559949
55	635	0.8134335859811115
310	801	0.7807790300601564
401	686	0.9519441629690553
593	122	0.850264653523992
703	605	0.9705707167636044
502	52	0.818427986528018
18	277	0.768483507384538
509	319	0.8954439971478697
481	573	0.8238017350407876
574	81	0.8725412075688171
251	633	0.7772103386766775
5	152	0.8434382977727681
738	270	0.9962370622742683
503	41	1.0
241	790	0.8776522275767478
586	249	0.9945769247970818
48	778	0.9475015221437012
338	593	0.8534063400092816
287	287	1.0
105	686	0.86819718321663
142	5	0.8370079827769977
509	317	0.8843692234821989
26	154	0.8395348811316019
108	650	0.8422426904254664
343	499	1.0
589	205	0.8516919194236773
117	503	0.8519684678684148
26	152	0.8545310261610387
479	635	0.830496808938693
117	500	0.9821982108947107
585	250	0.8242910286246636
343	493	1.0
744	156	0.9121893319938712
738	262	0.8466433291789076
277	96	0.7660480451154357
401	672	0.8363809303734882
350	361	0.9121821961023976
109	630	0.9797718773527601
507	330	0.8702443980963556
51	691	0.8956090756828047
354	314	0.9586980746300016
772	657	0.8179186644475614
737	270	0.8263612168708645
772	658	0.8839045232048908
801	344	0.8542527077650606
99	165	0.8448990325236075
764	790	0.8285683614936419
278	81	0.8696875932077904
766	766	1.0
585	241	0.8571218385007096
629	678	0.8295850548468198
772	650	0.8598569535121322
44	790	0.8412071447556526
203	81	0.9626752832920401
52	657	0.8234857639066703
52	658	0.9043484198181416
56	609	0.812217788553437
20	197	0.7491605552077983
770	674	0.8788339904897511
48	740	0.8564838845417092
770	672	0.7771957438625351
633	589	0.8362979480548203
242	769	0.9600133770317327
96	176	0.8912713171054257
52	650	0.8744804172156844
55	617	0.9814691539155381
632	594	0.9468069004562691
401	661	1.0
51	663	0.8883362313461441
350	350	1.0
206	41	0.9304227494713593
401	663	0.7969237510304803
55	614	0.8337410992839236
277	81	0.7915380686620306
217	217	1.0
741	174	0.9500929691816387
772	647	0.9966791573077057
105	672	0.7972050795790971
350	359	0.9652450172951814
502	32	0.8148151589284337
591	122	0.8254456175403005
5	130	1.0
99	150	0.9950617351970159
639	507	0.8755973433147776
18	270	0.7653432947921388
53	658	0.8761284308940509
403	635	0.7516236883641794
207	27	0.97544523841066
27	121	0.7527796375375645
48	754	0.9535561817474648
635	556	0.8393092894465636
105	663	0.8206180951974562
52	663	0.8846643222657123
643	415	0.9942727508193622
26	133	0.8417761286137507
770	663	0.7684677120295389
401	657	0.8822659670054674
629	663	0.8329349165809597
481	546	0.8656532018792816
642	424	0.9867009143672759
642	429	0.8877565203545195
217	207	0.8446547642870776
636	533	0.9948674911139108
290	186	0.8862256846696374
285	285	1.0
189	509	0.8319783536743205
467	790	0.8726450506241515
105	657	0.8434753413179497
635	542	0.8408585689538335
770	657	0.8029117779826912
241	758	0.8589906524697347
503	356	0.9667863422354056
53	621	0.8390491197068323
243	733	0.985509783595008
629	653	0.8943807797940788
287	258	0.6040718417281389
217	200	0.9611348311880479
744	122	0.8349446538522954
15	274	1.0
627	672	0.8244069980172506
284	284	1.0
764	764	1.0
204	48	0.8529999655008272
574	48	0.8533304850361331
741	152	0.7786025884221248
540	704	0.8607493297152462
13	293	0.9853283011464239
590	117	0.8957766424508552
278	52	0.9711856338060489
625	698	0.8580817046274735
18	235	0.7844902838234669
591	102	1.0
444	178	0.9704921184925447
741	155	0.8168675601775649
502	357	0.8375626153698035
761	790	0.824262018423037
625	692	1.0
214	228	0.919674940696816
3	151	0.8092753771095632
642	409	0.9867009143672759
732	299	0.9932803167034278
764	756	0.9603157629690737
51	653	0.8908453161912335
699	699	1.0
632	562	0.8964312893051085
20	180	0.8406817950459473
200	81	0.7765590048760397
18	243	0.985509783595008
640	429	0.8867167553456115
52	616	0.9929155542290617
182	560	0.8384155307112252
534	803	0.8178931399841237
