452	557	0.9628334347759829
725	462	0.5493950745403833
714	154	0.5378203797290577
674	154	0.8846142040667466
602	129	0.5130446399588426
609	527	0.871674646325717
686	450	0.7243669896131794
658	81	0.7256727122984107
319	420	0.6795969554370174
605	573	0.6116908849062525
787	165	0.6845117064279559
5	623	0.5206540128366951
678	589	0.7128788486427726
623	753	0.8599216803871343
674	142	0.8977944555276135
635	5	0.7973027703017764
165	401	0.6876560219336321
307	593	0.5995695367820179
389	462	0.5348836838581175
81	72	0.6564888992507841
429	462	0.652851253759565
802	802	1.0
5	635	0.7973027703017764
452	542	0.969077460046702
738	738	1.0
200	462	0.9731140830247246
691	333	0.6212896542914228
142	266	0.9618522478944277
609	507	0.7810542891757951
657	78	0.7431224275349422
605	546	0.727311107645679
142	270	0.5630411956262792
450	559	0.985386511843955
738	725	0.5995695367820179
450	558	0.7530348357670543
270	499	0.9736576049837824
298	3	0.7547507380816415
131	85	0.7410038857854466
545	39	0.7944601461577689
154	551	0.9529357368276049
158	507	0.5910827477557644
262	154	0.8398406671326056
142	262	0.6691573562205851
633	3	1.0
789	591	0.9641954444352078
141	270	0.6147574081628753
146	692	0.7498942093324559
155	545	0.7547507380816415
658	385	0.8408964152537145
540	81	0.6459223744509527
558	657	0.8137620087283162
659	372	0.6004624280888846
262	142	0.6691573562205851
691	790	0.6722286329143283
605	521	0.9148311480420754
658	33	0.7652457304655288
529	155	0.5286475567588714
429	429	1.0
789	581	0.9696680114724572
136	361	0.7174508244896552
310	481	0.5684317298493936
77	462	0.559479147077581
20	659	0.8766415672790969
92	686	0.5747028755820678
81	372	0.8380027548363328
659	361	0.5651050227678692
148	647	0.5995695367820179
686	401	0.9889440080617165
78	450	0.871674646325717
428	428	1.0
141	250	0.7572306977789357
661	297	0.9740488318863277
425	462	0.6226780474196193
155	529	0.5286475567588714
663	270	0.6722286329143283
330	636	0.6060506529908591
155	510	0.9395232440087964
330	629	0.9100840233918139
154	525	0.5460135072781013
703	262	0.5328612872440329
372	172	0.8758220661332768
591	3	0.8824730791508416
92	659	0.9905428173090829
152	546	0.5821993837398142
141	245	0.8177654339579425
691	764	0.5935264669730922
243	89	0.9170040432046712
258	689	0.6722286329143283
357	81	0.6482900025003876
716	546	0.6991647327875302
270	463	0.6324555320336759
702	270	0.5770828114419825
556	658	0.708511193124427
189	199	0.7000788809727557
426	433	0.808070467384033
81	357	0.6482900025003876
382	481	0.9951044332966607
189	183	0.6920272850319834
714	560	0.6116908849062525
81	350	0.6482900025003876
142	217	0.6097182169357942
262	593	0.6552919979452654
560	560	1.0
307	529	0.6701920952803824
556	642	0.6286714358264547
47	92	0.9207777317464305
450	507	0.5793959633094566
189	189	1.0
310	450	0.6286714358264547
154	503	0.5900851248105728
426	426	1.0
301	593	0.6459223744509527
127	462	0.6500905236411981
709	657	0.6848661007688605
81	328	0.6535901961956704
790	489	0.9505857659480886
301	109	0.7128788486427726
701	262	0.5433775596891345
661	262	0.5690809995478997
701	259	0.9170040432046712
165	802	0.6944638731514271
148	609	0.7530348357670543
668	653	0.6655529169643294
382	462	0.5776672022437759
307	511	0.993071808379093
142	674	0.8977944555276135
691	741	0.6184459099203177
307	509	0.6250568084843725
403	285	0.8622717716165411
141	691	0.6180839274663681
359	372	0.668740304976422
672	560	0.6434923915366734
525	154	0.5460135072781013
426	402	0.6511039278670918
250	260	0.5782474837716209
47	47	1.0
702	236	0.6448502886017469
251	251	1.0
301	574	0.6655529169643294
243	39	0.6676896388679869
659	307	0.5810893541775809
359	361	0.6523553530895373
540	361	0.5968335585411494
109	262	0.5424786591546907
243	389	0.6240451029341468
357	44	0.701733428882002
701	237	0.808070467384033
492	492	1.0
250	250	1.0
199	460	0.8425665519226356
48	48	1.0
131	344	0.6834407486547186
674	525	0.5378203797290577
775	241	0.6345918183822803
142	650	0.6260571795815402
658	319	0.7625279705211517
401	297	0.9838119122848112
13	710	0.6147574081628753
534	463	0.5460135072781013
125	462	0.6511039278670918
359	350	0.9035907080906115
691	714	1.0
661	231	0.9761811479935245
109	253	0.9774626528073208
359	359	1.0
702	691	0.6324555320336759
250	245	0.8477208735076623
241	386	0.9255464373596486
629	281	0.6162513970963379
691	702	0.6324555320336759
714	509	0.668740304976422
47	361	0.5572632052335307
238	462	0.6089164762976398
48	355	0.7189724952217349
241	48	0.7547507380816415
338	196	0.9235767512977848
420	447	0.6017845808122511
657	789	0.7399799652121462
301	540	0.7071067811865476
372	585	0.6511039278670918
169	91	0.9087476325188574
361	269	0.7439184927756787
109	236	0.9646786299603094
802	65	0.9708877394990398
47	372	0.5870193120038382
338	183	0.9091378208021926
12	708	0.9900476422780152
183	183	1.0
658	764	0.7355676192915171
778	658	0.6511039278670918
647	459	0.6535901961956704
56	686	0.5770828114419825
702	677	0.8560876406629344
401	262	0.5740969649535853
650	29	0.6072904701509274
105	271	0.8177654339579425
703	658	0.6638082853578614
639	104	0.8500816513994678
350	81	0.6482900025003876
509	372	0.668740304976422
183	189	0.6920272850319834
661	686	0.9735520863992139
546	733	0.5616353038698604
229	591	0.5664521547400343
420	420	1.0
199	420	0.6609029234733607
507	47	0.608107277459544
229	105	0.6180839274663681
229	589	0.6609029234733607
712	509	0.7671806770745353
81	758	0.7711054127039704
372	560	0.6116908849062525
658	758	0.6983964994429804
55	225	0.6180839274663681
748	165	0.6482900025003876
761	56	0.9195243517046433
298	165	0.6434923915366734
701	672	0.7993591489472849
409	636	0.610116336153065
529	529	1.0
238	429	0.5397175770941632
520	144	0.9752308574050025
642	493	0.8285963327212625
627	270	0.8812070932207169
546	716	0.6991647327875302
5	197	0.8345507291062679
703	640	0.5935264669730922
251	665	0.7256727122984107
468	361	0.6286714358264547
168	82	0.9100840233918139
639	563	0.9262321562731931
659	725	0.5810893541775809
802	31	0.6089164762976398
661	661	1.0
483	109	0.5900851248105728
540	301	0.7071067811865476
546	703	0.7055390344269283
661	657	0.7140741917751113
702	642	0.5944845534620219
701	658	0.6459223744509527
492	432	0.8177654339579425
546	709	0.8912209439780588
55	203	0.8995110873941277
401	231	0.9863394013722336
183	153	0.9381427059852853
529	507	0.6155075755955713
105	229	0.6180839274663681
591	165	0.5697251249864671
47	309	0.6848661007688605
333	199	0.7976683661673689
636	589	0.8035954105238209
643	462	0.5493950745403833
642	479	1.0
698	298	0.6366789194265114
81	702	0.7735457478112927
507	361	0.6381409091487943
372	525	0.6795969554370174
372	524	0.6920272850319834
180	180	1.0
468	344	0.8285963327212625
635	595	0.5534269882838012
589	229	0.6609029234733607
462	64	0.9414248232853245
39	450	0.7854771364539669
361	690	0.9740488318863277
44	357	0.701733428882002
703	605	0.9415392103851703
401	686	0.9889440080617165
699	262	0.5623413251903491
540	750	0.7711054127039704
520	580	0.8477208735076623
204	81	0.6162513970963379
217	238	0.6280249834588628
462	56	0.6324555320336759
525	525	1.0
5	152	0.5572632052335307
250	640	0.6579053068575388
105	686	0.5880537241151285
350	372	0.6722286329143283
142	5	0.5460135072781013
180	154	0.5275564125014254
463	48	0.6459223744509527
738	270	0.9724924724660731
754	472	0.7773270281790644
372	509	0.668740304976422
122	409	0.7329605919515894
650	790	0.6047928230925936
287	287	1.0
479	636	0.6116908849062525
509	307	0.6250568084843725
5	165	0.6795969554370174
738	262	0.6710119085610571
593	593	1.0
657	709	0.6848661007688605
621	288	0.969077460046702
350	359	0.9035907080906115
241	775	0.6345918183822803
169	361	0.8381749177414194
589	678	0.7128788486427726
359	726	0.9563949075714981
217	217	1.0
5	130	0.9057082053074589
462	36	0.9680771164244178
803	790	0.6722286329143283
401	661	0.9625398132547811
361	658	0.6866190816412836
401	657	0.7098963845163672
168	361	0.5935264669730922
639	507	0.5838371433372921
328	250	0.784113675991159
243	733	0.8572688703166295
591	591	1.0
462	20	0.7071067811865476
217	204	0.6695725958784102
640	447	0.8111948018054888
5	142	0.5460135072781013
481	546	0.9679829622854508
753	462	0.6097182169357942
764	764	1.0
225	541	0.9194118592682944
361	643	0.8230126537820298
595	540	0.5542092254411445
589	657	0.7256727122984107
650	764	0.5644229354442437
217	200	0.9782521935007817
359	702	0.6459223744509527
217	674	0.6521064098146178
217	676	0.5753043472499467
298	559	0.6286714358264547
32	462	0.5677772270416123
509	758	0.6459223744509527
741	155	0.5358751450688771
642	409	0.9724924724660731
790	803	0.6722286329143283
204	48	0.6535901961956704
47	725	0.5703641927221214
699	699	1.0
590	100	0.6060506529908591
640	420	0.6333772652073397
298	549	0.8477208735076623
182	560	0.6834407486547186
702	5	0.5565106481175784
631	574	0.8177654339579425
34	452	0.5770828114419825
361	631	0.7056825679815438
738	217	0.559479147077581
534	803	0.7223160681686133
650	742	1.0
589	636	0.8035954105238209
520	520	1.0
509	738	0.6535901961956704
3	591	0.8824730791508416
344	420	0.6593006850712821
217	659	0.7048182836843366
169	305	0.9402948023311704
631	565	0.8177654339579425
725	54	0.9897792565737962
463	315	0.8120031715402733
686	382	0.846080800865648
591	559	0.829894363156197
556	165	0.6030867070798468
802	748	0.9536694788386044
507	741	0.6004624280888846
401	605	0.784113675991159
725	47	0.5703641927221214
463	795	0.8114109187907151
623	686	0.5218495774963797
41	301	0.6757890602996504
217	640	0.5977553207443889
509	712	0.7671806770745353
725	385	0.6459223744509527
691	270	0.9629148851884612
91	169	0.9087476325188574
509	714	0.668740304976422
333	576	0.8846142040667466
12	262	0.5387748238538156
396	262	0.5849113797874445
623	670	0.8637791107024834
623	674	0.8492605957640954
333	560	0.6920272850319834
709	165	0.5982124963893166
426	75	0.784113675991159
691	262	0.6395798221672606
389	389	1.0
142	199	0.6305833524471807
77	77	1.0
330	598	0.7071067811865476
396	258	0.7563515197226289
468	713	0.8235003658831624
559	591	0.829894363156197
609	420	0.6535901961956704
709	152	0.5623413251903491
609	429	0.6655529169643294
146	146	1.0
452	452	1.0
623	650	0.7298346613313134
539	77	0.7256727122984107
165	787	0.6845117064279559
155	462	0.5572632052335307
745	514	0.5753043472499467
401	5	0.815076963895977
141	199	0.640149098964025
631	509	0.6920272850319834
168	752	0.7939584336158781
507	702	0.9035907080906115
389	12	0.5810893541775809
574	301	0.6655529169643294
452	438	0.9637429369150203
127	80	0.6593006850712821
704	197	0.7071067811865476
725	344	0.610116336153065
154	462	0.6569634136701952
158	424	0.8477208735076623
72	81	0.6564888992507841
309	452	0.5753043472499467
92	590	1.0
733	686	0.6089164762976398
463	741	0.8157549151420477
450	450	1.0
142	154	0.8389466028535767
158	413	0.8826529005001035
666	152	0.6448502886017469
385	385	1.0
204	775	0.9444983118098628
623	623	1.0
703	182	0.6017845808122511
614	764	0.8982191459296825
307	462	0.5493950745403833
659	276	0.9905428173090829
620	653	0.8177654339579425
333	507	0.576494248500145
385	372	0.6147574081628753
71	71	1.0
396	686	0.5925574305977788
146	584	0.696842048778448
659	262	0.5753043472499467
142	142	1.0
621	621	1.0
385	361	0.785341533992272
725	307	0.993268522523049
152	462	0.5378203797290577
790	71	0.6795969554370174
702	180	0.8826529005001035
430	262	0.5358751450688771
20	550	0.8691316183740381
165	748	0.6482900025003876
55	196	0.9381427059852853
92	550	0.942942047540283
152	452	0.9490623276815439
605	401	0.784113675991159
621	613	0.9601347437780972
141	141	1.0
741	507	0.6004624280888846
269	418	0.7128788486427726
382	382	1.0
250	196	0.6722286329143283
703	152	0.5747028755820678
674	462	0.6505986069609184
200	309	0.5616353038698604
686	764	0.652851253759565
389	787	0.9962126750730299
429	775	0.8550446226116473
428	306	0.9583112821103544
539	345	0.7329605919515894
560	452	0.6109071614469253
699	3	0.8692983390941966
699	5	0.8911369444506821
204	732	0.9381427059852853
238	74	0.9479765607752867
81	250	0.6345918183822803
196	81	0.6920272850319834
647	71	0.9536694788386044
704	127	0.7913517041455876
307	417	0.6089164762976398
704	125	0.7993591489472849
409	122	0.7329605919515894
691	647	0.9119321933790023
546	698	0.6771389311551275
121	81	0.6564888992507841
426	797	0.8177654339579425
199	385	0.7369531959073568
790	385	0.6390069762048636
301	483	0.585971980815851
428	773	0.9473208981061942
141	588	0.8846142040667466
709	546	0.8912209439780588
146	539	0.7410038857854466
262	468	0.6530982186712883
686	733	0.6089164762976398
165	709	0.5982124963893166
623	5	0.5206540128366951
657	243	0.6195230462056137
657	242	0.6564888992507841
71	361	0.585971980815851
287	0	0.8487101223822536
250	168	0.6834407486547186
262	463	0.8090111525364259
56	142	0.6366789194265114
659	217	0.7048182836843366
725	738	0.5995695367820179
131	262	0.5424786591546907
385	790	0.6390069762048636
758	81	0.7711054127039704
48	272	0.7711054127039704
420	29	0.8248553040478455
385	796	0.9170040432046712
359	264	0.942942047540283
429	749	0.8792223740300158
31	802	0.6089164762976398
196	55	0.9381427059852853
657	229	0.6195230462056137
573	703	0.6162513970963379
199	361	0.7795640376102891
281	629	0.6162513970963379
790	361	0.6535901961956704
361	199	0.7795640376102891
131	252	0.7652457304655288
725	725	1.0
420	14	0.8792223740300158
262	449	0.9093324762008836
359	250	0.696842048778448
270	790	0.6655529169643294
385	307	0.6459223744509527
270	301	0.6535901961956704
250	141	0.7572306977789357
361	187	0.9505857659480886
105	193	0.7292664737217109
725	714	0.6060506529908591
196	397	0.8995110873941277
540	240	0.7711054127039704
199	359	0.613237563517304
647	361	0.5880537241151285
420	344	0.6593006850712821
541	225	0.9194118592682944
703	573	0.6162513970963379
47	276	0.9319423190836715
725	702	0.7389460298272287
659	659	1.0
650	281	0.9434126955465354
403	145	0.9712255092199145
712	420	0.7468517787287459
420	341	0.7939584336158781
81	640	0.7307373706937074
199	333	0.7976683661673689
657	678	0.8477208735076623
71	325	0.9475762555128998
382	798	0.9951044332966607
361	169	0.8381749177414194
401	165	0.6876560219336321
468	285	0.8770179971434217
56	579	0.8807518530862735
509	270	0.6622549536735062
243	243	1.0
217	196	0.6195230462056137
39	39	1.0
803	281	0.613237563517304
647	343	0.9228989911626926
640	81	0.7307373706937074
764	270	0.5910827477557644
131	686	0.610116336153065
301	420	0.7452974212265034
251	100	0.8500816513994678
241	262	0.5890755538940808
109	109	1.0
81	658	0.7256727122984107
250	119	0.8111948018054888
241	263	0.9255464373596486
650	261	0.9119321933790023
385	742	0.8889047549574188
657	661	0.7140741917751113
48	241	0.7547507380816415
758	39	0.5770828114419825
270	741	0.6407148539112952
430	635	0.6593006850712821
39	361	0.6064658994082449
657	657	1.0
53	117	0.6876560219336321
127	761	0.6230217841258554
790	790	1.0
420	319	0.6795969554370174
703	546	0.7055390344269283
56	562	0.9170040432046712
468	262	0.6530982186712883
585	197	0.9724924724660731
71	790	0.6795969554370174
546	605	0.727311107645679
420	301	0.7452974212265034
81	631	0.6324555320336759
141	509	0.6412771333701497
141	507	0.7071067811865476
270	738	0.9724924724660731
647	325	0.9279943587993232
196	338	0.9235767512977848
643	372	0.6072904701509274
361	136	0.7174508244896552
241	241	1.0
130	686	0.7189724952217349
539	722	0.7369531959073568
483	479	0.5925574305977788
238	795	0.9520570461936777
639	459	0.6434923915366734
385	725	0.6459223744509527
242	229	0.7159062210418834
217	167	0.5703641927221214
238	307	0.6757890602996504
650	238	0.5218495774963797
426	701	0.7498942093324559
420	778	0.8325387863159441
703	521	0.871674646325717
702	534	0.5451447391473976
730	5	0.613237563517304
790	772	0.7993591489472849
643	361	0.8230126537820298
589	129	0.6030867070798468
243	686	0.6423914466455649
540	658	0.701733428882002
131	644	0.7711054127039704
636	479	0.6116908849062525
361	589	0.8271896060817643
653	668	0.6655529169643294
237	301	0.701733428882002
540	650	0.6030867070798468
48	204	0.6535901961956704
217	142	0.6097182169357942
199	764	0.6223329772884784
105	105	1.0
225	483	0.8201933504991196
372	410	0.7993591489472849
310	709	0.6004624280888846
643	333	0.8830117757456383
589	586	0.6412771333701497
764	217	0.5959017221592747
593	499	0.9900476422780152
109	541	0.6920272850319834
41	250	0.668740304976422
507	238	0.6530982186712883
509	691	0.668740304976422
359	640	0.5542092254411445
217	125	0.6545664439118322
243	657	0.6195230462056137
217	127	0.6535901961956704
492	775	0.6390069762048636
702	507	0.9035907080906115
105	570	0.7215823759566253
764	691	0.5935264669730922
764	686	0.652851253759565
463	270	0.6324555320336759
790	738	0.6564888992507841
169	262	0.5275564125014254
503	270	0.6434923915366734
509	200	0.5651050227678692
359	631	0.6920272850319834
640	361	0.6655529169643294
167	275	0.8550446226116473
32	386	0.8963506495959023
520	462	0.5664521547400343
39	307	0.5690809995478997
165	298	0.6434923915366734
361	560	0.7487634179253376
698	155	0.7864217944183363
361	555	0.9715930498970367
545	4	0.8821427389826216
463	262	0.8090111525364259
242	657	0.6564888992507841
39	793	0.9646786299603094
167	262	0.5415692095816118
199	725	0.7447086392403407
642	320	0.9724924724660731
802	217	0.5630411956262792
621	175	0.9787470327367852
250	507	0.5910827477557644
185	452	0.5849113797874445
764	669	0.9190060867932685
204	299	0.9747233670656286
790	714	0.6722286329143283
168	256	0.9235767512977848
643	307	0.7005328399650098
47	659	0.92608245871058
338	462	0.5644229354442437
430	4	0.8970745858333149
168	250	0.6834407486547186
298	467	0.942942047540283
121	758	0.6564888992507841
199	710	0.9147378788166111
591	481	0.9694973211987066
420	712	0.7468517787287459
586	589	0.6412771333701497
653	620	0.8177654339579425
357	621	0.6757890602996504
589	542	0.559479147077581
764	658	0.7355676192915171
507	677	0.8881327733089629
650	650	1.0
309	92	0.6722286329143283
483	409	0.5910827477557644
635	430	0.6593006850712821
183	462	0.5677772270416123
585	585	1.0
100	590	0.6060506529908591
420	702	0.6390069762048636
32	32	1.0
165	262	0.5849113797874445
764	650	0.5644229354442437
621	155	0.6286714358264547
621	152	0.5821993837398142
738	593	0.9793414308174049
699	581	0.982389439938659
744	481	0.8431043923193501
287	135	0.8684289358721491
534	702	0.5451447391473976
41	225	0.613237563517304
158	39	0.5925574305977788
450	78	0.871674646325717
238	707	0.9597686545826455
609	368	0.8812070932207169
686	297	0.9948065733062501
631	462	0.5644229354442437
636	409	0.610116336153065
691	199	0.6523553530895373
204	262	0.5348836838581175
507	658	0.7773270281790644
507	659	0.6173554791017901
609	361	0.5849113797874445
509	631	0.6920272850319834
689	258	0.6722286329143283
650	623	0.7298346613313134
609	358	0.8230126537820298
697	591	0.5616353038698604
32	355	0.9505857659480886
631	452	0.5747028755820678
39	758	0.5770828114419825
507	640	0.7986375940473865
503	691	0.6482900025003876
197	704	0.7071067811865476
165	238	0.5832947933237561
574	247	0.9601347437780972
344	301	0.668740304976422
389	297	0.956650844933908
452	34	0.5770828114419825
698	573	0.6212896542914228
130	5	0.9057082053074589
158	365	0.8995110873941277
764	614	0.8982191459296825
236	702	0.6448502886017469
167	217	0.5703641927221214
462	217	0.9820634859115823
99	462	0.5728715418757762
650	603	0.9119321933790023
309	47	0.6848661007688605
180	447	0.9416535002898678
5	463	0.5572632052335307
169	658	0.6434923915366734
169	657	0.5959017221592747
155	39	0.8947270920837613
623	560	0.6866190816412836
462	200	0.9731140830247246
462	204	0.666198983498455
643	725	0.7005328399650098
761	635	0.6305833524471807
450	39	0.7854771364539669
640	758	0.7204719506874667
605	374	0.9333272749803436
631	416	0.8263374630090867
307	54	0.9965844467186624
698	546	0.6771389311551275
560	81	0.6004624280888846
462	674	0.6505986069609184
281	151	0.6876560219336321
643	717	0.8893316141594022
330	489	0.7071067811865476
754	754	1.0
699	534	0.5387748238538156
281	157	0.7071067811865476
507	609	0.7810542891757951
389	262	0.5657813953236426
686	243	0.6423914466455649
691	141	0.6180839274663681
674	81	0.575901449065324
802	612	1.0
753	753	1.0
686	238	0.6240451029341468
545	199	0.5982124963893166
39	709	0.7630271716247271
204	217	0.6695725958784102
200	262	0.6257249651451701
309	20	0.6593006850712821
559	463	0.5740969649535853
152	47	0.6060506529908591
307	385	0.6459223744509527
686	231	0.9973760277462791
12	125	0.9793414308174049
269	361	0.7439184927756787
686	229	0.6769472427712399
642	702	0.5944845534620219
602	39	0.5995695367820179
602	38	0.9552286050397033
5	401	0.815076963895977
204	204	1.0
573	698	0.6212896542914228
307	39	0.5690809995478997
20	462	0.7071067811865476
658	199	0.7215823759566253
623	528	0.8667396804672552
81	196	0.6920272850319834
585	507	0.5900851248105728
428	254	0.9747233670656286
640	725	0.7498942093324559
389	243	0.6240451029341468
385	281	0.9251376029163276
429	238	0.5397175770941632
450	346	0.9724924724660731
152	385	0.6814462706456124
12	127	0.9900476422780152
447	420	0.6017845808122511
640	712	0.6708076119450844
262	74	0.9097693874040638
389	231	0.9584459426009672
333	417	0.8970745858333149
344	725	0.610116336153065
803	5	0.5910827477557644
546	152	0.5821993837398142
319	658	0.7625279705211517
621	537	0.9774626528073208
658	180	0.7711054127039704
557	462	0.6296324740065353
430	179	0.8963506495959023
657	199	0.6821762656900224
738	509	0.6535901961956704
558	450	0.7530348357670543
657	197	0.6390069762048636
12	591	0.5753043472499467
165	643	0.6060506529908591
452	309	0.5753043472499467
730	595	0.5572632052335307
574	658	0.6212896542914228
640	702	0.8228170011259026
686	686	1.0
261	81	0.5810893541775809
545	155	0.7547507380816415
429	219	0.8469236151499038
270	270	1.0
330	434	0.7128788486427726
81	172	0.8881327733089629
462	623	0.6240451029341468
155	793	0.9123367196696422
659	152	0.5630411956262792
539	262	0.5415692095816118
560	372	0.6116908849062525
450	310	0.6286714358264547
429	204	0.8572688703166295
787	389	0.9962126750730299
270	262	0.6569634136701952
605	309	0.6305833524471807
733	546	0.5616353038698604
529	74	0.9651921673916674
658	152	0.7038004843984218
657	169	0.5959017221592747
714	361	0.5838371433372921
691	560	0.6116908849062525
686	661	0.9735520863992139
307	333	0.5959017221592747
262	396	0.5849113797874445
560	361	0.7487634179253376
248	152	0.585971980815851
157	764	0.7498942093324559
672	385	0.6482900025003876
657	162	0.9195243517046433
621	507	0.5849113797874445
359	199	0.613237563517304
270	255	0.9739285715110153
154	306	0.9211780799581593
262	32	0.5905854108221593
81	121	0.6564888992507841
428	686	0.5753043472499467
730	559	0.6593006850712821
725	659	0.5810893541775809
725	658	0.6482900025003876
372	81	0.8380027548363328
301	41	0.6757890602996504
712	372	0.7598261872899608
657	155	0.9736576049837824
155	764	0.5880537241151285
270	236	0.6593006850712821
417	361	0.8444589930499622
529	48	0.614379908239306
154	773	0.9327994314654705
602	316	0.9479765607752867
389	661	0.9734012065527713
560	333	0.6920272850319834
307	307	1.0
146	437	0.7329605919515894
450	764	0.6769472427712399
141	492	0.8270007715120976
420	281	0.6230217841258554
602	792	0.5900851248105728
658	121	0.7128788486427726
199	279	0.8514763907849331
659	590	0.9905428173090829
790	270	0.6655529169643294
422	250	0.6622549536735062
525	81	0.6535901961956704
725	640	0.7498942093324559
142	462	0.6305833524471807
725	643	0.7005328399650098
409	483	0.5910827477557644
691	529	0.6093182696778675
372	60	0.7751927439444247
78	657	0.7431224275349422
430	110	0.9035907080906115
5	803	0.5910827477557644
463	5	0.5572632052335307
789	798	0.9618522478944277
155	741	0.5358751450688771
91	439	0.9206440111364282
396	519	0.9665787581189639
80	127	0.6593006850712821
573	605	0.6116908849062525
71	270	0.9479765607752867
199	260	0.8489070069629807
152	779	0.956923317520722
67	361	0.6902015076774105
529	372	0.5307836892050525
714	325	0.9787470327367852
429	640	0.5534269882838012
560	310	0.613237563517304
47	199	0.5651050227678692
238	270	0.5827488902101892
560	796	0.8305380862305862
551	462	0.6552919979452654
117	53	0.6876560219336321
270	691	0.9629148851884612
81	590	0.6495796453447544
657	597	0.9274872110731569
91	402	0.9170040432046712
789	789	1.0
714	790	0.6722286329143283
710	13	0.6147574081628753
529	361	0.563735028875381
262	344	0.5870193120038382
691	503	0.6482900025003876
141	462	0.5534269882838012
450	730	0.668740304976422
686	605	0.7780535732689645
359	141	0.6412771333701497
78	635	0.784113675991159
385	672	0.6482900025003876
650	196	0.5959017221592747
691	509	0.668740304976422
420	250	0.6722286329143283
77	660	0.9712255092199145
657	589	0.7256727122984107
127	217	0.6535901961956704
165	5	0.6795969554370174
709	401	0.7773270281790644
372	385	0.6147574081628753
71	255	0.9418057359425217
301	344	0.668740304976422
764	199	0.6223329772884784
704	462	0.5722518825326879
241	186	0.9255464373596486
131	131	1.0
650	180	0.6977776253801975
725	604	0.9965844467186624
605	716	0.9170040432046712
545	559	0.8684289358721491
425	658	0.7305124244926016
142	429	0.5722518825326879
674	773	0.8809341467944696
659	550	0.9481399815554042
48	139	0.7256727122984107
81	540	0.6459223744509527
542	589	0.559479147077581
775	492	0.6390069762048636
372	372	1.0
127	686	0.6017845808122511
236	270	0.6593006850712821
382	699	0.9901816443810012
417	307	0.6089164762976398
307	738	0.5995695367820179
605	703	0.9415392103851703
385	650	0.8889047549574188
429	609	0.6655529169643294
787	787	1.0
545	545	1.0
426	640	0.5549838095152887
270	663	0.6722286329143283
385	658	0.8408964152537145
154	714	0.5378203797290577
658	556	0.708511193124427
541	109	0.6920272850319834
382	686	0.846080800865648
77	641	0.9724924724660731
189	35	0.871674646325717
507	196	0.6795969554370174
125	217	0.6545664439118322
307	725	0.993268522523049
372	359	0.668740304976422
479	483	0.5925574305977788
196	262	0.5387748238538156
47	152	0.6060506529908591
450	702	0.5747028755820678
540	595	0.5542092254411445
525	372	0.6795969554370174
154	718	0.6162513970963379
48	142	0.5722518825326879
238	238	1.0
658	540	0.701733428882002
702	450	0.5747028755820678
250	480	0.81280594695911
657	558	0.8137620087283162
372	350	0.6722286329143283
492	245	0.8630102165279936
790	691	0.6722286329143283
674	753	0.9259111681112906
81	525	0.6535901961956704
56	462	0.6324555320336759
635	78	0.784113675991159
764	159	0.9274024974364307
764	157	0.7498942093324559
141	420	0.6286714358264547
524	372	0.6920272850319834
704	427	0.7913517041455876
529	795	0.9406021888397668
196	250	0.6722286329143283
199	691	0.6523553530895373
661	462	0.5387748238538156
650	154	0.5241847198320906
109	483	0.5900851248105728
534	699	0.5387748238538156
270	631	0.6459223744509527
238	217	0.6280249834588628
189	361	0.6472452017756477
633	87	1.0
702	447	0.8620246364801055
310	639	0.6991647327875302
251	462	0.5664521547400343
764	155	0.5880537241151285
307	702	0.7389460298272287
125	686	0.6030867070798468
507	168	0.6482900025003876
238	691	0.5348836838581175
241	139	0.8963506495959023
509	141	0.6412771333701497
238	693	0.9471016361771188
529	307	0.6701920952803824
525	350	0.8995110873941277
359	575	0.8995110873941277
650	142	0.6260571795815402
778	420	0.8325387863159441
199	686	0.6223329772884784
122	238	0.5397175770941632
39	243	0.6676896388679869
225	55	0.6180839274663681
647	691	0.9119321933790023
802	165	0.6944638731514271
152	709	0.5623413251903491
270	627	0.8812070932207169
758	250	0.6345918183822803
152	703	0.5747028755820678
643	262	0.5770828114419825
71	663	0.6876560219336321
262	753	0.700381749053532
659	507	0.6173554791017901
714	725	0.6060506529908591
298	78	0.8270007715120976
468	145	0.8408964152537145
372	328	0.6795969554370174
509	131	0.7329605919515894
238	686	0.6240451029341468
545	505	0.871674646325717
55	462	0.5657813953236426
225	41	0.613237563517304
702	420	0.6390069762048636
196	217	0.6195230462056137
714	714	1.0
631	81	0.6324555320336759
560	714	0.6116908849062525
238	674	0.8590920365041819
199	657	0.6821762656900224
199	658	0.7215823759566253
657	510	0.9550734920727739
525	328	0.9381427059852853
701	426	0.7498942093324559
420	658	0.6286714358264547
658	507	0.7773270281790644
338	55	0.9793414308174049
789	709	0.8766415672790969
507	141	0.7071067811865476
790	650	0.6047928230925936
262	741	0.9529357368276049
109	445	0.7864217944183363
262	738	0.6710119085610571
502	196	0.696842048778448
540	540	1.0
129	602	0.5130446399588426
520	380	0.8477208735076623
420	640	0.6333772652073397
238	657	0.5821993837398142
199	647	0.6017845808122511
640	269	0.6004624280888846
250	432	0.9809094915062311
261	742	0.9119321933790023
590	81	0.6495796453447544
507	121	0.6017845808122511
639	310	0.6991647327875302
99	99	1.0
169	169	1.0
71	647	0.9536694788386044
189	321	0.8995110873941277
640	262	0.6026548500578722
344	262	0.5870193120038382
250	420	0.6722286329143283
250	422	0.6622549536735062
165	197	0.6459223744509527
196	674	0.5338791888406775
401	462	0.5460135072781013
753	266	0.9011273932024004
643	217	0.5518388937430624
790	627	0.7189724952217349
189	318	0.8325387863159441
168	168	1.0
197	657	0.6390069762048636
180	79	0.9066300253729942
792	602	0.5900851248105728
640	250	0.6579053068575388
525	781	0.9170040432046712
636	330	0.6060506529908591
131	509	0.7329605919515894
761	127	0.6230217841258554
647	647	1.0
753	262	0.700381749053532
47	550	0.9548318541694027
593	366	0.985386511843955
298	360	0.9306048591020996
217	481	0.5810893541775809
503	154	0.5900851248105728
243	531	0.9249435022239483
167	167	1.0
167	154	0.5433775596891345
121	658	0.7128788486427726
591	382	0.968453093335369
593	361	0.5793959633094566
196	650	0.5959017221592747
462	154	0.6569634136701952
483	301	0.585971980815851
402	426	0.6511039278670918
99	390	0.7329605919515894
32	262	0.5905854108221593
591	39	0.8235003658831624
48	529	0.614379908239306
463	138	0.8536903765879016
165	165	1.0
420	609	0.6535901961956704
699	481	0.9916473533807632
758	658	0.6983964994429804
741	74	0.9222838116156815
462	142	0.6305833524471807
738	499	0.9703023744248485
578	122	0.871674646325717
650	540	0.6030867070798468
529	707	0.9531632702010927
217	462	0.9820634859115823
403	403	1.0
636	301	0.6030867070798468
47	507	0.608107277459544
631	361	0.7056825679815438
338	338	1.0
686	199	0.6223329772884784
481	310	0.5684317298493936
165	154	0.5870193120038382
20	88	0.8745187679758919
631	359	0.6920272850319834
361	415	0.9523212497266492
99	24	0.8408964152537145
361	417	0.8444589930499622
643	658	0.5944845534620219
591	12	0.5753043472499467
157	281	0.7071067811865476
614	152	0.9061325595519807
459	204	0.6366789194265114
758	640	0.7204719506874667
382	5	0.8905473904190541
725	199	0.7447086392403407
39	657	0.8967533413606585
5	382	0.8905473904190541
361	402	0.7572306977789357
803	534	0.7223160681686133
643	643	1.0
507	541	0.8995110873941277
401	401	1.0
372	712	0.7598261872899608
183	338	0.9091378208021926
462	125	0.6511039278670918
462	127	0.6500905236411981
167	126	0.871674646325717
167	122	0.8630102165279936
640	674	0.6819942791565804
640	677	0.8341955252233204
92	92	1.0
738	462	0.5572632052335307
372	702	0.6324555320336759
333	361	0.8440501129682901
642	640	0.5565106481175784
165	120	0.9665787581189639
642	642	1.0
753	674	0.9259111681112906
593	301	0.6459223744509527
593	307	0.5995695367820179
623	462	0.6240451029341468
635	761	0.6305833524471807
99	16	0.9170040432046712
507	529	0.6155075755955713
468	509	0.704383344040268
640	658	0.6954219841765791
165	591	0.5697251249864671
39	602	0.5995695367820179
623	450	0.5307836892050525
287	462	0.5602043370695193
754	655	0.7928848664638978
91	91	1.0
463	559	0.5740969649535853
640	640	1.0
741	361	0.5703641927221214
459	647	0.6535901961956704
605	262	0.5318295896944989
197	5	0.8345507291062679
481	744	0.8431043923193501
32	217	0.5703641927221214
591	798	0.9694973211987066
154	270	0.5864972828795026
507	507	1.0
463	546	0.5328612872440329
165	579	0.8215372551229038
725	142	0.6593006850712821
686	130	0.7189724952217349
725	141	0.6834407486547186
333	333	1.0
459	639	0.6434923915366734
686	131	0.610116336153065
33	658	0.7652457304655288
154	262	0.8398406671326056
20	20	1.0
5	789	0.8728783817313606
330	361	0.6511039278670918
385	199	0.7369531959073568
462	551	0.6552919979452654
20	361	0.585971980815851
595	730	0.5572632052335307
574	582	0.9787470327367852
462	557	0.6296324740065353
463	534	0.5460135072781013
574	574	1.0
429	142	0.5722518825326879
686	127	0.6017845808122511
686	125	0.6030867070798468
633	744	0.9592678614562175
633	745	0.9052573668652667
462	542	0.6112999023576107
277	593	0.6315242985575108
426	169	0.6775211722297212
574	565	1.0
165	556	0.6030867070798468
686	591	0.8375280260690594
753	623	0.8599216803871343
155	238	0.5328612872440329
151	281	0.6876560219336321
593	738	0.9793414308174049
99	780	0.7410038857854466
154	238	0.9447404455774908
333	786	0.8835481816295804
333	307	0.5959017221592747
168	507	0.6482900025003876
787	297	0.9531457811271964
330	330	1.0
709	39	0.7630271716247271
452	686	0.6013461208788474
155	698	0.7864217944183363
714	270	0.9629148851884612
463	507	0.6360874825429393
152	248	0.585971980815851
385	152	0.6814462706456124
605	686	0.7780535732689645
396	462	0.6109071614469253
385	154	0.5328612872440329
154	691	0.5378203797290577
307	238	0.6757890602996504
158	645	0.9324327727318484
560	261	0.8263374630090867
418	269	0.7128788486427726
309	200	0.5616353038698604
167	507	0.5944845534620219
450	686	0.7243669896131794
142	56	0.6366789194265114
420	199	0.6609029234733607
20	309	0.6593006850712821
452	658	0.735888991907673
199	199	1.0
154	686	0.5740969649535853
714	255	0.9861879227122777
539	146	0.7410038857854466
631	714	0.6511039278670918
787	262	0.5651050227678692
591	718	0.5677772270416123
270	141	0.6147574081628753
452	650	0.6543233364213862
142	48	0.5722518825326879
155	678	0.8442547262802941
142	31	0.8586569424582612
199	189	0.7000788809727557
452	648	0.9603837909822135
262	270	0.6569634136701952
182	703	0.6017845808122511
602	217	0.8907161133136625
217	802	0.5630411956262792
702	81	0.7735457478112927
730	450	0.668740304976422
663	71	0.6876560219336321
560	232	0.8472830313819817
676	217	0.5753043472499467
560	238	0.5770828114419825
5	730	0.613237563517304
605	658	0.6030867070798468
546	481	0.9679829622854508
754	7	0.7966294477172272
91	353	0.9123367196696422
647	199	0.6017845808122511
301	270	0.6535901961956704
262	262	1.0
674	238	0.8590920365041819
609	609	1.0
142	372	0.5644229354442437
141	388	0.8177654339579425
5	702	0.5565106481175784
155	657	0.9736576049837824
602	200	0.8957307185550004
452	631	0.5747028755820678
678	657	0.8477208735076623
155	640	0.6848661007688605
261	261	1.0
122	196	0.8646816701021308
529	270	0.6312117397300414
741	741	1.0
152	686	0.5587473168930787
269	640	0.6004624280888846
333	717	0.8846142040667466
787	231	0.9548836697639724
12	427	0.9900476422780152
560	217	0.5534269882838012
270	593	0.9834471059156332
180	702	0.8826529005001035
546	463	0.5328612872440329
281	420	0.6230217841258554
709	310	0.6004624280888846
714	691	1.0
154	640	0.6599906949868962
262	241	0.5890755538940808
560	691	0.6116908849062525
141	359	0.6412771333701497
152	666	0.6448502886017469
674	217	0.6521064098146178
250	81	0.6345918183822803
307	658	0.6482900025003876
307	659	0.5810893541775809
262	239	0.9064064022359822
141	361	0.6613557529024814
196	196	1.0
778	29	0.9646786299603094
238	165	0.5832947933237561
129	589	0.6030867070798468
56	56	1.0
155	621	0.6286714358264547
647	163	0.9505857659480886
789	675	0.970795477557717
703	374	0.9027748213389314
559	730	0.6593006850712821
199	142	0.6305833524471807
602	657	0.5703641927221214
199	141	0.640149098964025
152	659	0.5630411956262792
674	686	0.5977553207443889
152	658	0.7038004843984218
92	309	0.6722286329143283
709	789	0.8766415672790969
725	511	0.993071808379093
197	165	0.6459223744509527
77	566	0.961556520692179
545	450	0.878512512377174
428	526	0.9149010563047004
778	14	0.9170040432046712
560	672	0.6434923915366734
450	623	0.5307836892050525
238	154	0.9447404455774908
657	481	0.7721797072315915
238	155	0.5328612872440329
420	141	0.6286714358264547
260	250	0.5782474837716209
122	167	0.8630102165279936
702	372	0.6324555320336759
55	397	0.9108312511415659
674	674	1.0
152	648	0.9748130586607877
81	447	0.8055995258557623
307	643	0.7005328399650098
301	237	0.701733428882002
790	128	0.9588155775768458
741	707	0.9217763279999731
605	605	1.0
430	450	0.9054078210075011
529	239	0.969512847191364
310	560	0.613237563517304
602	633	0.5534269882838012
658	452	0.735888991907673
702	361	0.6779019096813609
647	148	0.5995695367820179
382	581	0.9797170617918353
789	657	0.7399799652121462
262	691	0.6395798221672606
714	663	0.6795969554370174
250	41	0.668740304976422
639	284	0.9764029385159798
200	509	0.5651050227678692
55	55	1.0
309	605	0.6305833524471807
142	307	0.6593006850712821
39	162	0.9752308574050025
492	141	0.8270007715120976
542	462	0.6112999023576107
152	628	0.9607647875142544
643	184	0.8792223740300158
372	250	0.6535901961956704
77	513	0.9646786299603094
702	359	0.6459223744509527
790	598	0.9170040432046712
262	200	0.6257249651451701
152	621	0.5821993837398142
560	640	0.6926829274238643
196	154	0.5415692095816118
539	539	1.0
560	642	0.6390069762048636
787	661	0.9778287357314809
238	122	0.5397175770941632
525	262	0.5433775596891345
430	430	1.0
525	264	0.8995110873941277
250	372	0.6535901961956704
674	640	0.6819942791565804
56	377	0.9078653964817709
251	363	0.7256727122984107
152	614	0.9061325595519807
529	691	0.6093182696778675
307	604	0.9965844467186624
361	67	0.6902015076774105
540	477	0.784113675991159
250	361	0.5910827477557644
701	349	0.8177654339579425
602	602	1.0
714	631	0.6511039278670918
270	529	0.6312117397300414
658	425	0.7305124244926016
643	165	0.6060506529908591
560	623	0.6866190816412836
81	410	0.8469236151499038
39	155	0.8947270920837613
105	50	0.7523040851018608
39	158	0.5925574305977788
229	242	0.7159062210418834
425	509	0.6030867070798468
674	623	0.8492605957640954
142	753	0.9244245019256859
250	359	0.696842048778448
196	122	0.8646816701021308
450	4	0.9841478182249358
403	361	0.6697795416152738
640	180	0.8281760685792039
712	640	0.6708076119450844
270	503	0.6434923915366734
778	778	1.0
261	650	0.9119321933790023
55	338	0.9793414308174049
492	588	0.9306048591020996
361	385	0.785341533992272
270	509	0.6622549536735062
262	640	0.6026548500578722
402	361	0.7572306977789357
639	223	1.0
238	560	0.5770828114419825
243	462	0.608107277459544
560	603	0.8263374630090867
298	298	1.0
657	401	0.7098963845163672
540	436	0.871674646325717
758	121	0.6564888992507841
281	803	0.613237563517304
589	39	0.7212135625828093
585	81	0.6324555320336759
702	307	0.7389460298272287
301	636	0.6030867070798468
217	64	0.9432058129319549
403	344	0.8832504599230729
48	462	0.5677772270416123
122	578	0.871674646325717
48	463	0.6459223744509527
661	787	0.9778287357314809
640	155	0.6848661007688605
142	725	0.6593006850712821
361	361	1.0
39	589	0.7212135625828093
261	636	0.9625398132547811
250	328	0.784113675991159
152	5	0.5572632052335307
241	462	0.5651050227678692
593	277	0.6315242985575108
589	361	0.8271896060817643
483	225	0.8201933504991196
251	309	0.9774626528073208
32	186	0.927041858890907
640	154	0.6599906949868962
525	674	0.5378203797290577
39	597	0.9515978740065268
509	468	0.704383344040268
39	591	0.8235003658831624
229	686	0.6769472427712399
189	689	0.81280594695911
764	470	0.9286675520686185
593	270	0.9834471059156332
141	725	0.6834407486547186
328	81	0.6535901961956704
217	36	0.9673851591253727
372	659	0.6004624280888846
298	262	0.5378203797290577
183	275	0.9170040432046712
789	5	0.8728783817313606
56	761	0.9195243517046433
593	262	0.6552919979452654
643	576	0.8893316141594022
372	643	0.6072904701509274
217	32	0.5703641927221214
109	301	0.7128788486427726
585	391	0.9793414308174049
468	468	1.0
650	452	0.6543233364213862
243	423	0.8589471765151838
609	178	0.8408964152537145
344	131	0.6834407486547186
635	229	0.6511039278670918
778	724	0.8408964152537145
631	270	0.6459223744509527
420	507	0.5900851248105728
372	640	0.5977553207443889
420	509	0.6920272850319834
764	450	0.6769472427712399
753	142	0.9244245019256859
361	333	0.8440501129682901
261	603	1.0
507	463	0.6360874825429393
585	34	0.9462762240272912
699	382	0.9901816443810012
109	772	0.7993591489472849
772	790	0.7993591489472849
3	298	0.7547507380816415
