728	658	0.5963456155077206
728	657	0.6132222312365911
602	357	0.6159360409711346
213	509	0.6134939811705662
741	420	0.5742367211392697
92	466	0.9483901777744127
730	595	0.6076140279542261
307	357	0.7708197335411249
429	694	0.6929732971749295
737	502	0.6286456669070862
429	698	0.6131493662337163
278	663	0.6230183533230359
307	352	0.991720242075701
385	262	0.7131750051909879
676	357	0.6342382435120255
678	330	0.6174979993411748
733	554	0.6013724916608305
529	74	1.0
290	426	0.5843383832516954
668	486	0.6113508291643446
574	642	0.5596268936069094
730	578	0.5819287946470831
307	344	0.7565014853567744
385	250	0.9652898437582899
146	462	0.5664855471510978
205	635	0.8987084484356915
732	556	0.9689683989984393
727	658	0.5888721788129202
573	685	1.0
574	672	0.7038545409150545
301	97	0.986056969035866
740	451	0.9821471724387
18	520	0.5484854703897893
301	91	0.9620932871933839
740	453	0.7770789162284025
444	462	0.5733516397017712
12	591	0.5459910414621129
284	563	1.0
344	725	0.7633504305768692
157	323	0.9895749421998064
277	699	0.9322694887947393
682	262	0.6409232999412657
321	122	0.6024554661509413
734	560	0.5650710549841715
502	633	0.6141602120759736
738	509	0.7178702667207035
738	507	0.6079893156436694
543	191	0.9653378559470527
204	663	0.7372481988444655
150	48	0.6689865852839152
18	531	1.0
343	735	1.0
389	231	0.979672327928039
605	330	0.6798766060341459
307	359	0.734079770579401
444	444	1.0
539	278	0.5778707650342528
640	709	0.5665055759859615
389	229	0.6180149827468089
602	16	0.894519962869908
345	702	0.943911666867577
5	401	0.6875734685323275
278	672	0.741140341424441
727	672	0.5889840959357755
96	444	0.5968706208922299
13	589	0.6200815636466206
152	26	0.6193801837083965
728	663	0.9223586653479765
426	694	0.6251037424747816
426	698	0.7786890277936264
372	72	0.8404752294169585
674	340	0.9650334960265612
382	262	0.5857609336773851
529	48	0.5660503670690551
269	764	0.6210970415313585
734	503	0.925189314990079
307	307	1.0
716	790	0.6358765933484813
544	122	0.6179096474197037
141	494	0.9647927363475105
78	663	0.6016094651863588
12	520	0.9649308233252855
539	225	0.5820669603253051
730	548	0.5898590239434444
182	801	0.5856710772239054
544	129	0.6033963091031541
429	658	0.7238880681900138
539	229	0.6019069498511634
672	361	0.9629930322378843
205	602	0.6045602224869904
718	770	0.6215760485106333
205	601	1.0
536	262	0.6045813938979753
281	540	0.902539295634822
385	217	0.6116752791535195
718	763	0.9546849363344249
77	691	0.5868004556120926
426	686	0.6756783072045018
672	359	0.7930813942769547
283	509	0.578097002434362
278	609	0.9528779177871227
525	81	0.8019255246910344
725	643	0.7709510835585928
229	83	0.6793745248724101
78	678	0.9278107418966907
730	534	0.5585706750436291
429	640	0.7305203058025315
429	642	0.7302373318702168
200	658	0.6214259813972313
666	463	0.5774748106106038
672	350	0.8068528483891437
463	5	0.5972357493504743
463	3	0.6177605102533398
682	229	0.9902981230380297
502	602	0.8164754649252163
674	361	0.5769654346624048
248	155	0.6143609905631002
203	642	0.5843330095557541
248	152	0.6298933800256364
548	109	0.5981623266542703
269	790	0.809763701473363
666	492	0.5909388214676815
307	333	0.7630852630860314
433	589	0.6540307703479006
78	686	0.6766647692215991
545	133	0.582913037189087
83	586	0.9334325933495691
200	686	0.6070768349713934
546	121	0.6185866820094342
682	223	0.9902191422322375
546	123	0.9439846693418019
733	531	1.0
150	361	0.6254382699239684
546	122	0.8007472833524228
540	199	0.9548957572378418
205	621	1.0
309	309	1.0
733	525	0.6078385796610706
154	304	1.0
20	426	0.5968659889792614
382	270	0.6106430328505957
148	416	0.9844368938717108
283	528	0.6181491938957142
674	357	0.5878942225556116
428	686	0.6009628318756406
183	803	0.9747338340623335
725	658	0.9202442681599843
13	544	0.6133716066412016
150	359	0.6351181093321526
534	298	0.5832675829675885
725	659	0.7392334448496388
78	699	0.927973266340575
200	672	0.6170697457680354
678	301	0.6156941213971695
462	229	0.6026461907883586
197	704	0.5764647096865028
99	460	0.95652634862832
287	593	0.9658648899119313
344	790	0.8277683892524599
737	590	0.8183161259298085
802	646	0.5985537801308562
747	426	0.582781745505663
5	450	0.8987084484356915
213	593	0.6260405981404138
158	372	0.5743034769783214
507	640	0.7267055756836261
29	404	1.0
803	638	1.0
507	642	0.72644129724057
31	340	1.0
288	585	1.0
321	189	1.0
457	325	1.0
744	463	0.6011040107106617
503	691	0.5760797376176567
462	217	0.8561988666281398
453	361	0.6022947562821479
157	27	0.9393838913522085
514	514	1.0
29	420	0.5643612637282672
585	559	1.0
309	396	0.5866646862000957
801	658	0.6015787832369011
389	297	0.979672327928039
158	359	0.5696545203112399
642	751	1.0
747	420	0.5817238870835011
155	47	0.6089808880511772
350	672	0.8068528483891437
452	34	0.5940068623656403
155	53	0.623134926496405
167	216	0.9627323692336865
122	702	0.8585333847485112
31	350	0.5579857085108745
121	716	0.6297057313482118
287	589	0.6155859730347495
676	83	0.7687753123269144
287	586	0.9602095054263345
309	51	0.5804611941208185
753	309	0.5312163474377937
509	643	0.7728648401813174
32	355	1.0
463	236	0.6049573794286753
158	44	0.5804048763897055
27	450	0.5739265049160476
585	585	1.0
509	644	0.9892503898829204
646	733	0.6143836912852894
756	301	0.6002934928067605
157	57	0.6314337679473768
453	49	0.9940318094877479
157	55	0.6344831729530899
464	229	0.6197902934489739
420	702	0.929839564010256
492	731	0.9655089634245292
592	462	0.5633125025569018
214	593	0.6259144786145843
803	657	0.5842523625760384
319	270	0.6834838131528587
361	525	0.8241894616341252
100	117	0.5776439059234413
653	609	0.9720099476635936
623	121	0.5925866635808081
744	481	0.5875587969904993
623	122	0.6051089999806231
327	133	0.9777629115787846
522	409	0.5659227170622771
100	100	1.0
609	361	0.7821974400088609
745	464	0.6016094651863588
166	243	0.5764115131068451
594	426	0.7666118088545764
689	258	0.6278496399520942
640	790	0.5688543448117608
165	258	0.5911075378559265
590	474	0.6138829136789731
678	83	0.6115698673569336
196	725	0.7514575326397458
620	150	0.7584496668347996
609	368	0.9742440335987521
33	359	0.7060876640475796
691	196	0.6280444449321522
802	663	0.6189753462719034
31	31	1.0
802	658	0.5999009916478776
319	262	0.715508587846785
350	687	0.6123747944318959
748	420	0.5994078235527088
753	322	1.0
748	423	0.834035337438762
578	698	0.6193122431365942
694	152	0.630894951760875
754	310	0.5400942705204683
594	420	0.6140767349386117
507	658	0.8791361703206948
584	584	1.0
452	398	0.7820088904900829
676	55	0.6396197871646223
676	56	0.6398449769406691
447	447	1.0
152	53	0.6379376378355609
686	241	0.713577834581643
204	691	0.6003602175423162
801	625	0.6258314081255562
605	361	0.6529130563140663
284	593	0.5708465535854553
155	22	1.0
150	81	0.6313275127751062
728	691	0.6273607680705453
545	199	0.6426016443386556
207	663	0.6033061233486131
605	359	0.6547168537480218
447	440	0.9303398898156304
573	698	0.6146367846894265
574	684	1.0
672	91	0.9215262808516701
574	686	0.5953801183824737
214	524	0.892018969852846
32	309	0.5642652360797391
148	474	0.5833654986950596
614	208	0.7190026997085491
727	691	0.6070686077159869
207	657	0.5812456540882054
99	426	0.6214015278414438
307	385	0.7114094009013637
309	16	0.9320180485652918
287	548	1.0
573	690	1.0
350	629	0.9944444162046112
452	331	0.5927278142086306
152	47	0.6290153863379647
26	427	0.9685813182649484
287	571	1.0
31	322	1.0
609	333	0.7821974400088609
354	611	0.9293164665810059
614	237	0.599686140076566
150	99	0.9931610192545058
3	463	0.6177605102533398
620	121	0.7580245869697757
155	39	0.9665771723066714
687	250	0.6114056402276573
687	241	0.6026332002508152
679	39	0.581989615834564
350	658	0.7226566804073876
593	402	0.6147121937749356
578	663	0.6328714751855342
309	47	0.9230326324135261
643	725	0.7709510835585928
462	200	0.9359137598057357
152	67	0.6190076579648179
503	663	0.6765935402324749
452	359	0.5961262942966012
307	54	0.9836240149720631
307	53	0.7094095715317454
591	420	0.597590136592714
614	225	0.6023599451102241
605	372	0.6407825100480844
614	229	0.6247982295974877
155	26	0.6057587910158619
158	344	0.5674809692598155
802	612	0.9787978727776444
288	559	1.0
165	217	0.5908493643374831
650	588	0.976714328131017
792	614	0.604543281620697
593	44	0.6473265969523692
761	148	0.6166615216797647
420	643	0.9438966871148593
492	672	0.7886900308067842
34	270	0.5986536321527149
595	22	0.9027083033222628
590	81	0.7003893090199569
790	631	0.8139469997360743
803	595	0.7059146595364452
169	165	0.5690033605308469
44	108	0.6121073079512191
554	802	0.5882590861198654
764	109	0.6307251220955291
418	704	0.5933093979947095
199	643	0.803901145682286
63	761	0.6173152394119226
121	677	1.0
509	574	0.7933407956836015
747	39	0.5819066668147328
792	602	0.8177194255936212
661	401	1.0
197	658	0.5907797209638429
595	357	0.7012399284013968
525	301	0.9828952930726026
420	631	0.9255249512491248
121	672	0.7673962345399993
165	196	0.5880228764735538
225	357	0.7706340310793428
71	642	0.5666123128077338
712	712	1.0
197	650	0.5734007217256345
653	540	0.7631681972254718
421	621	0.6018195611704041
647	658	0.6800384351834908
165	191	0.9688249308158962
196	672	0.7897974630734672
99	81	0.6316303223346772
492	658	0.7882611809057122
168	168	1.0
260	743	1.0
72	620	0.9562582113648016
422	605	0.6600388070311536
29	31	1.0
225	13	0.7188490679616077
459	250	0.5808599541591083
168	161	0.608038146860019
520	18	0.5484854703897893
189	790	0.5876673118551817
761	165	0.6068007960835577
5	99	0.6191152784216378
766	105	0.977881372730105
783	783	1.0
197	686	0.6736646729062992
131	543	0.9176055904142597
130	559	1.0
425	609	0.6985413793464476
131	540	0.905086640298289
647	687	1.0
361	492	0.8086634384832989
758	241	0.7040150780721142
430	509	0.6338984811797927
421	653	0.6043694458579911
125	658	0.5647169399722312
658	507	0.8791361703206948
590	96	0.6227296926611758
789	709	0.7586226906454617
422	636	0.9868970900210815
714	714	1.0
168	199	0.8047620492190919
372	317	0.9867722825594908
29	44	0.5844404178077249
372	319	0.9623698790579021
99	99	1.0
5	91	0.6128341989739063
756	262	0.590024890527197
199	650	0.9252151634416437
761	152	0.6210970415313585
486	792	0.5881667353264526
792	625	0.6298520673094823
661	426	0.6056375878253222
71	663	0.6307943505990673
492	686	0.7255535070100563
196	686	0.7485187291296223
169	169	1.0
709	802	0.7257788194630405
790	643	0.9400387508474359
63	790	0.986969729199247
71	657	0.5907647899042621
462	196	0.5938294330002634
417	727	0.9778228859515685
129	602	0.6127841290879696
468	122	0.8091103075441134
423	612	0.8335802988604954
167	199	0.961331011981168
464	122	0.6059923592686999
41	106	0.9652978469506802
636	792	0.5916609378554134
444	96	0.5968706208922299
165	165	1.0
96	72	0.8917182046371072
609	278	0.9528779177871227
197	621	0.9652065830107338
464	129	0.5983719317121333
586	479	0.5865129911555594
361	420	0.8308129018364601
507	560	0.7235117592820374
592	357	0.6978769037040976
803	552	1.0
740	83	0.7695288327267251
199	609	0.7842918665593961
643	663	0.6311177604531568
642	679	0.9776736337296228
592	358	0.9735249401045372
117	737	0.7303027884834281
27	350	0.5790530910170015
589	433	0.6540307703479006
591	26	0.5992728288490106
95	81	0.600213354532884
26	361	0.6484975550380219
595	321	0.617519905107764
217	462	0.8561988666281398
650	540	0.9178495384378221
290	81	0.5937237582714564
95	95	1.0
197	614	0.5736456917222409
801	573	0.595695342640921
63	733	0.6035935297756405
32	262	0.7674520506859146
32	263	1.0
586	464	0.5892581721762779
34	243	0.5926256251953931
444	81	0.7944789172931543
165	150	0.6030349984189323
686	196	0.7485187291296223
492	620	0.8494174161403817
29	340	1.0
592	344	0.781883013790385
481	789	0.9778740632217849
169	113	1.0
26	26	1.0
169	111	1.0
158	284	1.0
578	595	0.7213550970924143
593	338	0.6140995093091264
643	658	0.7243968487197593
357	507	0.7304470993023843
121	638	1.0
26	372	0.659607213088822
463	122	0.7698490811123065
711	711	1.0
32	272	1.0
96	96	1.0
96	94	0.9651425020532872
756	225	0.5929221194532
196	658	0.851791856653765
747	372	0.5770124054325222
225	344	0.7455427655334421
753	262	0.5492683797890051
643	691	0.6178151018683856
647	647	1.0
169	137	1.0
593	361	0.616214354965554
492	646	0.7803116537216546
26	38	0.9817282396709897
421	605	0.6065818125841231
457	262	0.6417635247413777
589	450	0.8183059514751488
27	27	1.0
167	167	1.0
463	152	0.6049447323682443
168	152	0.6043694458579911
41	122	0.5762457925054296
130	509	0.5962476907095704
486	751	0.90556811276106
646	646	1.0
647	633	0.6140501573648147
642	694	0.941017961454843
29	361	0.5736579210180484
34	262	0.6001732572921719
196	650	0.8489974666418827
447	79	0.9437430486218155
592	368	0.9735249401045372
643	672	0.9281587649107874
747	359	0.5797317416938756
462	150	0.5966247820684359
29	359	0.5581140139432859
357	524	0.9085765557076019
591	34	0.7935869935922346
745	381	0.9838161160672826
585	492	0.6028192109289059
591	39	0.9089867619505989
657	584	1.0
563	740	0.5538933506212446
243	152	0.6044797237586215
657	589	0.6160251972436567
77	642	0.5420198127380589
724	621	0.5862192832223311
127	691	0.564887381534319
237	262	0.7419786281576666
229	53	0.6562388148559916
77	641	0.9836240149720631
423	691	0.5927375400664341
301	344	0.8275052295549398
47	152	0.6290153863379647
150	301	0.6330863983150987
766	165	0.5532790598040159
142	429	0.5614699049200655
425	657	0.6133141846972595
663	460	0.9553353581628421
718	725	0.5796578734999805
142	420	0.5643612637282672
372	372	1.0
78	635	0.807234037392207
372	368	0.9867722825594908
560	764	0.5703578268016546
48	150	0.6689865852839152
712	790	0.6018851110063336
270	663	0.631004855858535
540	122	0.7419685311909415
238	278	0.6880814463526681
301	13	0.7854839122771327
270	691	1.0
732	509	0.6894785065228667
269	743	1.0
91	415	0.9811738963641755
77	660	0.9836240149720631
725	630	0.9906883633458639
560	790	0.5740300407624156
543	117	0.9855693032061024
529	361	0.7131283709779617
136	573	1.0
77	657	0.5694873926076253
77	658	0.5782937306227577
83	542	0.725706914244777
200	642	0.5604234982393619
140	482	0.9976634814134356
48	167	0.5931159799901188
789	790	0.6047843758525231
270	694	0.6347545427886859
672	333	0.9629930322378843
426	663	0.8280450147142707
238	262	0.7297915876567225
789	789	1.0
91	426	0.6067553921541986
524	79	0.9415430216135996
77	672	0.57470891215505
83	556	0.9634772045259788
83	557	0.6112175731885982
78	658	0.5834144134500292
433	534	0.8595183800812504
301	350	0.9919426519880997
672	330	0.9046210193211248
425	672	0.6948706027234055
238	269	0.7085251392343321
127	658	0.5669250408000762
792	657	0.6010863760455177
716	716	1.0
237	225	0.7417724594544617
136	509	0.781910998651211
242	122	0.7465485182110982
136	507	0.7239420576805229
531	243	0.9652994475334227
236	236	1.0
764	152	0.6214155021266968
235	246	0.9729536402442953
80	528	0.582000669453491
39	258	0.614326928466769
422	653	0.7818690187302867
261	786	0.9760967750247741
714	735	0.9963320041939084
747	81	0.5805568465725744
72	658	0.6343169350043016
761	183	0.6169742951602745
593	81	0.6114917024664275
524	357	0.9085765557076019
225	53	0.6287519160786358
530	243	0.622412462072802
647	691	0.996387144068987
758	250	0.7791847551483317
236	225	0.9893568605296098
81	525	0.8019255246910344
595	51	0.6179823059209644
663	426	0.8280450147142707
372	330	0.8527943636431347
235	235	1.0
67	766	0.9591256367534917
467	154	0.9233191755517887
235	243	0.6003468767476278
418	730	0.9650206661199979
270	627	0.9432058129319549
235	240	0.9729536402442953
229	357	0.6375238893042573
72	663	0.6153767576620024
659	507	0.6733962974110627
372	328	0.784729286050189
357	589	0.7902724792362316
298	70	0.860334410274408
468	145	0.976712853988759
528	306	0.7767423502265556
716	703	1.0
594	95	0.6042505273050262
127	676	0.5818845330907172
71	691	0.9944873001573076
372	361	0.7796211757390388
421	698	0.6238107782962018
541	109	1.0
718	718	1.0
524	48	0.5721585273089198
520	81	0.5744792097413624
372	358	0.9867722825594908
200	602	0.9445560908624724
372	359	0.7974125723055125
560	751	0.9599418367333994
29	81	0.5635552067872474
766	143	0.977881372730105
534	225	0.5780100613922847
238	239	1.0
47	133	0.6157649051864931
792	678	0.6034992631315321
78	607	0.9749579380008643
359	598	0.9705784200787418
792	676	0.6186515781826502
789	740	0.6905025919307901
237	237	1.0
142	404	1.0
136	518	1.0
658	540	0.8613797539976423
758	270	0.6160326228573322
127	663	0.5816018102153268
236	243	0.6003424293548727
130	585	1.0
125	686	0.5596290750068869
595	78	0.7144932184516747
301	301	1.0
372	344	0.8006169331213059
785	785	1.0
764	154	0.7560775159565449
764	157	0.6339987222272402
468	165	0.5875432834090255
270	647	0.996387144068987
524	372	0.8644878293857983
524	371	0.9217077782478487
792	663	0.6171944100530781
661	462	0.571092977411651
525	361	0.8241894616341252
204	775	0.9878030827702191
452	426	0.6109189694205349
585	601	1.0
18	620	0.5927618498247996
3	524	0.6249830051922765
676	482	0.9700799044850924
740	556	0.7797638929508364
317	317	1.0
737	620	0.6668982361796741
283	686	0.5783283987793166
544	289	0.989904119286502
288	621	1.0
385	385	1.0
350	715	0.8092423820475908
350	716	0.651649113639538
409	178	0.5583973335118346
733	672	0.5999590880313427
277	790	0.6087996082861905
602	462	0.8743748918773935
702	199	0.7660884103853697
703	181	0.9759990161858421
290	542	0.7064413272550973
502	737	0.6286456669070862
554	121	0.785266882719313
258	122	0.6556310750298787
99	509	0.6221426163159559
605	422	0.6600388070311536
385	372	0.7622775095579419
95	558	0.6138296328278332
546	250	0.6074994872029029
744	524	0.610966185345869
574	790	0.7445303818006721
502	764	0.628125488997364
389	12	0.5663184471227903
31	404	1.0
585	621	1.0
503	755	0.9651072448277956
158	429	0.7305203058025315
401	5	0.6875734685323275
204	790	0.6150732588597322
740	574	0.9118225170723786
26	507	0.6276511535310179
686	344	0.6874512309332065
26	509	0.6338163831649413
213	642	0.5649962755086284
389	357	0.5982763062122463
258	161	1.0
350	731	1.0
728	790	0.5914242101539399
217	602	0.9355196980292481
802	709	0.7257788194630405
507	702	0.8095993280250482
160	367	0.8805845181889097
287	653	0.6042547772181814
574	780	0.9893703321094032
155	450	0.732819712467831
154	467	0.9233191755517887
557	109	0.6101758974716258
614	301	0.6002712396864656
453	426	0.737140444125187
801	711	1.0
590	516	0.9588726140861882
727	790	0.5876673118551817
676	486	0.8102281620163255
450	450	1.0
385	58	0.9479093194355352
686	327	0.7015960910605323
321	237	0.584494070160468
52	5	0.6018938472098835
629	5	0.5982307326293308
602	483	0.6169485792492359
573	740	0.6116479623780302
573	743	1.0
602	433	0.6128957841644865
382	382	1.0
502	709	0.607409384727614
703	152	0.6080788185809766
428	795	0.7967153648181144
147	541	0.9850841084526848
57	157	0.6314337679473768
250	199	0.9008213343848482
727	740	0.9374411745394693
238	74	1.0
250	196	0.899749595252298
699	3	0.787131788088093
699	5	0.864408128013244
160	303	0.931277327389053
150	460	0.9615384278173792
450	407	1.0
701	165	0.5580406158786242
248	248	1.0
728	728	1.0
235	96	0.60337484486182
542	265	0.8889674508192019
283	629	0.5830550366427424
534	59	0.8692650128527198
307	417	0.7226554659328462
278	727	0.9652306056938993
152	421	0.6146254677389077
531	81	0.5992097584018564
698	5	0.8585588332774107
200	776	0.9277853954543707
531	89	0.9514066841233643
479	178	0.5878117805021471
540	281	0.902539295634822
727	733	0.5844672482935819
409	122	0.5846708787439053
682	311	0.9919757188816846
84	686	0.7250325910183928
706	105	0.6098896311790023
309	426	0.5931982365883094
702	183	0.7772541116119156
447	503	0.9560409248058019
285	635	0.6117571782814359
309	425	0.5994887183370056
258	118	0.965995538161447
733	658	0.6022730156929702
679	424	0.9672384600034278
679	426	0.5839127916147135
284	645	0.9844089897778648
725	790	0.7515037128077331
283	658	0.5789499516266128
248	270	0.6192764639742947
284	640	1.0
12	668	0.5667987642565083
545	250	0.5931837265189195
13	653	0.9129387998965736
288	601	1.0
385	361	0.7747758289238631
546	241	0.6461060555720964
678	430	0.9938139594612742
733	646	0.6143836912852894
382	48	0.539450065721757
574	740	0.9118225170723786
389	301	0.5960281168605233
536	48	0.570954060641902
539	357	0.5843007601135115
539	359	0.5794244719802405
146	561	0.6712748097352363
701	182	0.9132600345346066
287	602	0.6080340786403422
238	81	0.6920733217544937
205	736	1.0
741	507	0.5752563912320884
678	420	0.6165951445946073
778	152	0.6093022335094863
204	749	0.9644533542403626
154	426	0.5987216462942887
385	359	0.8909210916150008
559	151	0.589131395975791
225	525	0.755660760452412
225	523	0.9893568605296098
620	262	0.6785042172262176
697	225	0.6138676938816368
738	691	0.993870084541599
34	426	0.5995156662931941
165	26	0.5911570962344357
319	372	0.9623698790579021
803	756	0.5965876126578372
357	710	0.7593893152773571
298	549	0.8716909907872066
41	301	0.5680789540451877
803	757	1.0
694	262	0.6416742669402761
593	548	0.9658648899119313
589	633	0.6295176904248005
589	635	0.8183059514751488
750	462	0.5731980685223068
558	154	0.6104968273170989
623	217	0.6010246261814087
354	740	0.7504738070079846
169	309	0.5584298176173078
32	462	0.5699813542330804
709	198	1.0
520	520	1.0
350	790	0.9517181150154055
5	585	1.0
686	389	0.9538488184370959
593	532	0.9658648899119313
802	758	0.6021947040530808
217	658	0.619800966576502
298	538	0.9074540907048195
753	426	0.5552815536324203
738	687	0.9975465348444124
298	534	0.5832675829675885
321	298	0.5892074846073491
327	221	1.0
625	220	0.9661865080535097
591	591	1.0
34	452	0.5940068623656403
625	225	0.6247881399200506
225	541	0.959526833010162
225	540	0.6849916026142061
625	229	0.6622885079398575
361	643	0.9514775265504721
522	521	0.9629474518542589
165	47	0.5946748799782098
457	462	0.5846815823948939
182	109	0.6008567951874871
522	522	1.0
467	304	0.9233191755517887
589	653	0.6207246404730435
623	241	0.5950353299329508
319	48	0.5644503299617978
167	361	0.7521756914604064
131	706	0.9238816988678306
595	540	0.6638214901735753
590	590	1.0
585	691	0.5986536321527149
330	169	0.9385330299122246
359	702	0.9382794486827486
745	589	0.6366995501996903
591	581	1.0
39	402	0.6098617495083783
586	687	0.9933510612070889
169	330	0.9385330299122246
167	359	0.7506787196985328
621	258	0.6225160312122187
699	212	0.9622471998717989
694	270	0.6347545427886859
457	457	1.0
31	492	0.5571537746374666
584	657	1.0
453	453	1.0
259	168	0.9836927528315831
548	287	1.0
694	229	0.9957073054638539
285	697	0.6248856257273497
259	165	0.560712391921919
18	663	0.6205872305198586
801	744	0.608666429239629
687	350	0.6123747944318959
691	255	0.9976838101549634
167	307	0.8384670278017089
802	721	0.9561778385120138
317	358	1.0
747	507	0.5947128941625506
158	450	0.5620963334701905
350	758	0.7830939236566122
539	83	0.5873465294287089
747	509	0.5805343500367734
121	803	1.0
385	81	0.7620432251201221
20	590	0.9206863707069924
738	658	0.679057757409892
694	217	0.6375618459321185
609	420	0.8030917711972865
319	319	1.0
772	5	0.5979887860221172
679	479	0.9803289115753916
734	698	0.6296388465791096
259	152	0.6035464093364811
609	425	0.6985413793464476
801	733	0.5899042926692613
3	578	0.6371258531177303
801	734	0.5970048370399622
95	594	0.6042505273050262
802	711	0.6226401551767756
802	716	0.5982854180133861
502	772	0.6094864713352336
330	109	0.7610672090453385
452	452	1.0
160	376	0.7172705367906288
578	756	0.6004402187632544
738	647	0.9975465348444124
321	281	0.5784496229003274
801	761	0.6039695693277933
464	301	0.5845155214523037
609	457	0.6301059991771941
614	357	0.6095664532947936
168	307	0.7603464217790767
33	419	0.9570491526448643
96	590	0.6227296926611758
29	502	0.564059076503704
556	165	0.573944785450136
802	748	0.9818007548500753
744	560	0.5649826717940138
5	559	1.0
217	643	0.6178660235951007
457	426	0.6274228394962835
503	790	0.5727479849509844
589	605	0.6251204986378773
330	122	0.8876154971918755
509	712	0.9837670641129052
745	544	0.6169302061464206
691	270	1.0
614	344	0.6037304611941624
590	556	0.9579824911372139
646	802	0.5985537801308562
34	420	0.6018151894039109
389	389	1.0
747	513	1.0
33	426	0.6021119643550571
620	229	0.6240722312019812
317	368	1.0
738	663	0.6264674191009304
122	803	0.947041276804691
396	262	0.628102804036804
157	470	0.9393838913522085
321	278	0.9652306056938993
217	631	0.6206154345436389
753	404	1.0
594	501	0.9934675817215942
464	287	0.5896373593866281
122	790	0.9182066613606862
492	790	0.9300390897414424
130	658	0.6048772501024301
44	238	0.6451812844273239
357	672	0.7070799075544656
41	262	0.5698213054895859
764	225	0.6233778676184009
270	714	0.9926380746499804
106	106	1.0
328	183	0.7594236433890775
327	199	0.57991895791845
105	105	1.0
525	420	0.9715899910764982
236	307	0.989359554948294
474	117	0.5886019472435352
756	357	0.596102928981291
121	790	0.7965311772538504
235	319	0.9689543706277434
130	642	0.5590576997562438
609	81	0.8230615161128405
663	503	0.6765935402324749
653	653	1.0
531	309	0.5691262547567233
361	576	1.0
196	790	0.8070660211114271
72	740	0.598098431633747
754	372	0.627056322952252
764	217	0.6268692148738729
589	589	1.0
457	81	0.617519905107764
474	148	0.5833654986950596
141	507	0.698368732467685
176	176	1.0
131	663	0.626193031572784
426	714	0.7855245586263027
141	502	0.6062003711639868
627	165	0.5800831327260633
108	108	1.0
81	609	0.8230615161128405
51	122	0.6173298741508776
270	739	0.9965498744585006
758	359	0.7911650318978767
518	573	1.0
402	111	1.0
321	5	0.5878633162690943
792	750	0.6009054115954754
402	113	1.0
321	3	0.6030479284940826
423	748	0.834035337438762
534	306	0.906140035677339
242	229	0.6252377038345692
131	658	0.8468756122235904
105	122	0.7364171184431374
755	41	0.9651072448277956
131	650	0.678884880183135
758	350	0.7830939236566122
426	705	0.9388833525154071
197	790	0.5728406701299937
467	262	0.6228535190566165
653	676	0.625388170599956
372	420	0.7990830917405555
130	672	0.5949074503641711
459	53	0.6160734525368622
72	766	0.9528638973508758
756	27	0.9437055492453947
81	619	0.983800701583462
74	740	0.6030220664027941
328	199	0.8882846812955391
238	307	0.7314148975089036
524	450	0.6026288696360009
52	122	0.8112218384780948
242	217	0.6006930648828476
761	270	0.6230869442658821
756	321	0.5852097065205776
122	750	0.828091836334087
518	518	1.0
327	152	0.5946463581728959
620	180	0.9317743324945836
41	229	0.5886632078358142
756	327	0.8869977548853218
753	361	0.5736579210180484
196	752	0.9577628575086811
643	790	0.9400387508474359
520	458	0.9776955925906223
421	712	0.6064617567825704
653	620	0.8816697483654333
803	672	0.7673962345399993
653	625	0.6255383843779482
699	122	0.6227641061729685
803	677	1.0
421	709	0.6017977001145349
122	757	0.947041276804691
653	629	0.7959459416081168
452	81	0.5983901339703237
41	225	0.5768949282798024
27	470	1.0
357	636	0.7124598259218907
327	155	0.5817903989565508
605	99	0.638152510972501
801	691	0.5982216149957494
167	250	0.8878456581695698
197	736	0.9652065830107338
125	708	0.9693279748973718
166	262	0.5647578787958077
711	801	1.0
591	481	1.0
750	388	0.9606539107135066
711	802	0.6226401551767756
464	237	0.5866176378073287
586	586	1.0
130	601	1.0
748	450	0.7411729018474676
647	735	1.0
34	361	0.5949595726752549
803	663	0.6252745080110834
32	32	1.0
753	340	1.0
698	122	0.7104137276339259
621	155	0.7436067480667633
593	452	0.6101242800141742
621	157	0.6614753897477352
593	457	0.9658648899119313
589	542	0.6230595142312975
605	81	0.6553931280968188
328	133	0.5882488299311674
72	709	0.597397016910489
41	237	0.5724568895602272
309	99	0.604543281620697
462	258	0.6094504554700255
121	757	1.0
650	650	1.0
756	344	0.5948173455543665
747	492	0.5807926925558985
474	108	0.569358598807606
354	698	0.9345334448472843
157	99	0.6338559211303654
747	498	1.0
32	44	0.6163439342943321
698	155	0.9298104414530172
169	262	0.7477468605297076
229	421	0.6321027937964423
463	270	0.6068255518431557
27	492	0.5963735733587636
357	658	0.7345043946385614
33	33	1.0
595	462	0.5960982551488286
168	270	0.6164954850853748
699	149	0.9832263594346824
753	31	1.0
34	39	0.7215308214683392
74	707	1.0
520	462	0.5478922687669985
661	509	0.6041697391726614
130	621	1.0
229	409	0.8866964528955391
492	758	0.837216271505345
421	716	0.604191006539702
653	636	0.7929039001927105
328	155	0.585628758419521
127	708	0.9778287357314809
248	217	0.631518057982996
385	307	0.7114094009013637
701	132	0.9237663373059944
702	122	0.8585333847485112
248	213	0.9605926418259374
573	703	0.6565103040546787
238	372	0.7029802350300249
243	270	0.6046744865043516
724	740	0.5819951428277227
573	709	0.6030479284940826
39	70	0.6184459099203177
674	426	0.5837343679475545
150	426	0.6212231625918765
109	157	0.6082007196187779
281	629	0.5951299316609414
674	418	0.5626710233730468
78	740	0.5829840671797994
47	270	0.6227572245354845
725	725	1.0
150	420	0.6324586201426785
74	795	1.0
544	205	0.6037945730325656
200	740	0.6106943442420831
281	621	0.5979613526169946
310	310	1.0
281	620	0.5877137753207451
657	694	0.6172456912156739
430	678	0.9938139594612742
136	657	0.5913303219095011
659	672	0.7444485394267596
136	658	0.725399872389376
237	370	0.9855180901677185
55	157	0.6344831729530899
12	614	0.5656263303241502
433	635	0.6381264047925187
83	653	0.6136085523124585
250	141	0.9650559454904062
402	169	1.0
13	602	0.6060506529908591
474	199	0.5825844189366732
430	672	0.6702970125823425
727	727	1.0
148	502	0.6034520911305843
551	109	0.6594920939536061
235	81	0.7858424467531134
428	773	0.9683435389254461
734	606	0.9912996223309959
147	511	0.9906883633458639
56	152	0.5908742230513931
283	620	0.5717026698500084
136	690	1.0
544	229	0.6339744315536089
536	362	0.9309394554872632
77	790	0.5789843457152899
430	699	0.9934047510819308
20	509	0.7250195345005123
278	702	0.7275152600243864
83	676	0.7687753123269144
433	653	0.5973095094835078
136	685	1.0
251	154	0.5565144286706785
83	678	0.6115698673569336
758	81	0.8068584632510506
251	152	0.5808935645261167
250	167	0.8878456581695698
237	58	0.9571205210922792
425	790	0.7043034008149935
237	53	0.6290121779351827
53	199	0.7093943640964954
409	104	0.9747443002723124
657	661	0.7476339487241047
666	516	0.9225038483775058
430	642	0.5608084587151169
672	402	0.9630044249744859
44	273	0.875153041374913
772	131	0.6081601049412937
531	361	0.6079526742067458
242	242	1.0
131	686	0.759432223720054
109	109	1.0
71	790	0.6130341926740072
382	301	0.6074544476593844
176	193	1.0
764	270	0.6293356495896962
658	658	1.0
251	100	0.9296584845806118
433	602	0.6128957841644865
39	22	0.9665771723066714
402	131	0.7203825972065511
629	152	0.6119518678650794
534	321	0.5598947602823958
39	26	0.6131455295540675
178	178	1.0
53	122	0.7979903363785245
402	137	1.0
229	482	0.9956557675511593
243	236	0.6003424293548727
531	18	1.0
243	235	0.6003468767476278
474	167	0.5913846909782345
142	507	0.566905115484393
772	122	0.6183555532866363
396	5	0.6105521771552078
142	502	0.564059076503704
199	790	0.8086965992279406
430	635	0.8304417502006554
105	143	1.0
72	790	0.7389075793451847
657	657	1.0
131	672	0.7102575677211254
130	686	0.652447293806985
241	241	1.0
764	262	0.6267442586216903
790	790	1.0
125	790	0.5679937970527822
108	115	0.9337480503273577
229	479	0.8497382657549959
39	34	0.7215308214683392
528	423	0.7614889797888469
133	658	0.6106193404867251
655	676	0.9667071484720192
53	133	0.8317380055265114
753	81	0.5635552067872474
235	18	0.5997040649661323
142	509	0.5709414201056409
39	39	1.0
658	671	0.9588172554602719
657	686	0.7115962764957514
541	225	0.959526833010162
242	262	0.7380518174973105
127	790	0.5704914068052412
251	117	0.5754899129855947
658	676	0.7657650705267584
659	663	0.6238175789915078
724	724	1.0
136	642	0.5591725946761843
674	404	0.9650334960265612
241	272	0.9652594273904128
725	702	0.7412827194132783
659	658	0.6812335443695079
725	700	0.9902325319134196
659	659	1.0
479	122	0.7809132154969436
792	792	1.0
238	359	0.6836379718277574
52	154	0.5809215627703201
403	145	0.976712853988759
83	627	0.9728112056933371
243	243	1.0
237	359	0.8141633298424413
540	225	0.6849916026142061
237	357	0.6967480058919124
657	676	0.6151820394092463
48	258	0.5800661642020061
657	678	0.9329783203089225
430	658	0.6751910411433029
91	509	0.7666921100951111
55	138	0.9780537662048931
241	263	0.9652594273904128
241	262	0.7446121612474388
528	450	0.6218476177254963
301	422	0.9723480430623856
109	122	0.7324257859578377
468	285	0.9878929544813393
77	747	0.9836240149720631
39	53	0.6312805956687035
429	702	0.6974075640340389
770	165	0.6032416471264993
270	764	0.6293356495896962
83	636	0.6133371579908168
666	524	0.5852309748860653
52	165	0.5788122320555135
452	542	0.8560245676856894
738	738	1.0
709	241	0.6546077093958172
635	5	0.8987084484356915
694	307	0.6322731465097766
258	258	1.0
67	165	0.5732718186286696
389	462	0.5683926081519216
741	662	0.9649966068264717
585	725	0.6030306879625823
262	169	0.7477468605297076
152	596	0.802323381180278
802	801	0.6226401551767756
542	83	0.725706914244777
18	737	0.6233197589439408
217	703	0.6219032217532002
802	802	1.0
18	733	1.0
13	792	0.5953801183824737
738	735	0.9975465348444124
309	558	0.5948078552773672
20	686	0.5991556610079103
417	152	0.5980801671341955
714	133	0.8223952417893379
554	241	0.7046691661614545
545	48	0.5671637630550113
745	602	0.6161661768812919
417	155	0.5805793370078562
32	502	0.6108835407057331
609	507	0.6897128015736672
691	330	0.687308140295044
152	594	0.6251003908648413
288	736	1.0
560	122	0.5711119022926813
5	621	1.0
283	790	0.5879405606707996
450	558	0.870564754554946
506	803	0.9620375741786353
712	152	0.5990021991111056
738	725	0.6048899070419991
155	584	1.0
155	585	0.7436067480667633
457	509	0.6256083978192759
154	594	0.6130457168479281
453	556	0.9952789739229543
18	761	0.6060756240043144
745	635	0.6985352185274676
417	189	0.9778228859515685
285	792	0.5930142585239818
590	646	0.9562975255350423
399	325	0.6420279981019023
262	196	0.7458897775466284
450	584	0.732819712467831
32	509	0.6922506914502251
298	606	0.8596481568097915
5	631	0.6107298498425257
450	589	0.8183059514751488
678	591	0.886493249210436
5	635	0.8987084484356915
95	686	0.789653914522941
165	426	0.9388833525154071
678	589	0.625170748271716
557	225	0.6156866671573183
694	311	0.9918566419353283
259	259	1.0
744	633	0.9066449198619747
714	150	0.6256517120030654
452	558	0.6134557574838805
689	416	0.9744119881185511
585	733	0.5866280952885666
609	525	0.804475797419668
740	689	0.9772293237903198
585	736	1.0
17	784	1.0
3	676	0.6475598825980091
620	301	0.7328637576734377
33	509	0.7713595840673626
716	121	0.6297057313482118
592	605	0.6263253715728672
803	803	1.0
738	746	1.0
578	803	0.9674403281653663
96	619	0.596102928981291
91	672	0.9215262808516701
733	758	0.6019156838362687
248	375	0.9679656937374455
452	509	0.605050068032869
541	53	0.6230011973249249
539	464	0.5668785407687232
631	5	0.6107298498425257
262	131	0.8593920766247961
151	574	0.9893703321094032
450	528	0.6218476177254963
385	469	0.9359475393079888
91	686	0.6106785593358091
92	672	0.5877137753207451
602	542	0.6131493662337163
117	167	0.8567829937450177
544	13	0.6133716066412016
20	642	0.5580984503023655
258	205	0.6225160312122187
740	620	0.7729103648583338
703	262	0.6993467048571893
702	278	0.7275152600243864
734	734	1.0
248	361	0.6146141493295669
151	559	0.589131395975791
539	462	0.5567371637401523
152	542	0.7877045446210788
243	89	0.9777702269055056
433	797	0.871258775988299
544	357	0.6080625521776898
711	121	0.5790759934274974
450	512	1.0
605	507	0.6544352443860991
310	463	0.5510221568631484
189	199	0.5851884327429968
95	633	0.5991872219758507
154	526	1.0
18	709	0.5884537162829192
290	658	0.5948837478331709
290	657	0.5743277383678557
20	658	0.7154121955014501
744	605	0.6055120262838535
290	654	0.8104733003665305
96	635	0.6003424293548727
158	507	0.7267055756836261
785	163	0.9940344164458202
714	122	0.7218275204489372
67	143	0.975513651780513
117	191	0.9689091584263112
801	801	1.0
545	39	0.7129923436679364
20	659	0.9456640063536216
801	802	0.6226401551767756
92	686	0.7828375269760242
453	509	0.6050753295018195
184	5	0.606598358958595
418	122	0.5787605280252737
157	525	0.6193086658714281
709	217	0.6117649741968805
151	595	0.6202232998540116
545	372	0.5872894881218357
212	740	0.7628277655237868
283	781	0.6211040529617259
261	165	0.5673093033615474
146	692	0.6355966325956262
633	3	0.9159151713235205
711	152	0.5972172993496296
96	633	0.6186335562475674
321	321	1.0
310	497	0.9310549229013428
154	558	0.6104968273170989
789	102	0.9778740632217849
778	278	0.5974752370444392
396	309	0.5866646862000957
258	229	0.6564555931757429
540	81	0.7521481585672575
285	740	0.6127301756258177
67	152	0.6190076579648179
686	401	0.9439622112510367
262	141	0.7456286490179318
321	318	0.9839127683779304
539	479	0.5674479848092749
545	361	0.5862665557956717
605	522	0.9673362767197731
151	582	0.9893703321094032
283	770	0.6426624013141328
409	262	0.5665322733908292
99	605	0.638152510972501
546	350	0.6214294742125368
560	104	0.9806890111937643
5	601	1.0
331	262	0.5944845534620219
26	688	0.9121227151386029
761	420	0.6171064300370319
29	650	0.5557875336426075
591	694	0.6112646279322146
621	372	0.604208016661158
229	602	0.6317237693816664
694	39	0.6323968378988518
182	209	0.9242445386586301
361	743	0.972436238865504
5	699	0.864408128013244
5	698	0.8585588332774107
748	657	0.59997695592177
328	344	0.89995367889572
462	462	1.0
748	658	0.6045983272909589
754	547	0.9545932485723861
462	467	0.594308120876519
396	70	0.991504117270793
744	698	0.6256783564558456
595	635	0.678260336110282
225	636	0.7580854148984509
614	486	0.6348418114471372
747	660	1.0
747	663	0.5969863370216777
29	658	0.5691068627517408
591	678	0.886493249210436
34	559	1.0
687	499	1.0
361	732	0.9218227446622932
29	657	0.5588362258159756
217	776	0.925294831027282
694	372	0.6323102717135514
26	691	0.6184495222641659
589	745	0.6366995501996903
691	67	0.6240518857750532
621	44	0.6284973519480956
327	372	0.5927375400664341
464	464	1.0
761	448	0.9519600428352681
625	344	0.6332487867458547
747	691	0.5828474172251884
33	586	0.9587618744518671
269	196	0.810211800987074
229	625	0.6622885079398575
169	462	0.5551947309117846
698	354	0.9345334448472843
178	317	0.9871874224775905
593	686	0.6136047356861547
463	470	0.9356671096275537
182	225	0.7154721257576331
333	262	0.7762061300592111
328	361	0.7866298985305378
691	98	1.0
166	498	1.0
754	567	0.9545932485723861
459	560	0.5396622736931975
514	770	0.6543720085198299
327	361	0.5744428821027884
595	657	0.9027083033222628
464	459	1.0
399	399	1.0
34	585	1.0
747	686	0.5765237767228735
525	609	0.804475797419668
748	663	0.6168677089303635
269	180	0.7332779760834907
631	217	0.6206154345436389
44	418	0.611831211416456
627	309	0.579447271849471
589	766	0.9300287051701414
468	403	1.0
463	463	1.0
396	81	0.6216387920739759
217	792	0.8918213245463685
754	507	0.6057880215415173
557	258	0.5989389288419946
225	605	0.6782622290240302
745	653	0.6174797403794057
590	665	0.9588726140861882
99	663	0.9898370024999054
328	307	0.7067057636566789
586	746	0.9964371361880757
697	301	0.6110880417345032
548	53	0.6139361621788645
687	463	0.6025118606095126
167	426	0.8166355576796415
99	657	0.611612828256319
748	612	0.966350213414018
99	658	0.6266553678236895
213	790	0.6137991720859151
592	635	0.5765001549917033
167	420	0.7754302782254139
5	657	0.7436067480667633
718	133	0.5828638270648381
462	425	0.600142057579864
593	619	0.6099612859608121
26	658	0.6210479459988015
750	540	0.949377378264446
789	165	0.5703960148663477
584	764	0.6072083650297981
584	767	0.9799347548053765
453	564	0.9940318094877479
741	691	0.5878117805021471
586	740	0.7137422308779404
559	225	0.5985628624069244
554	286	0.9909616919225024
3	699	0.787131788088093
591	643	0.6012053398197512
158	563	1.0
591	635	0.7797424970228902
586	735	0.9933510612070889
592	621	0.5862192832223311
586	738	0.9964371361880757
327	307	0.5836693918528005
396	361	0.6246332885269608
679	591	0.5695517131252215
753	509	0.5709414201056409
679	593	0.5905804226222459
545	81	0.5998294342987439
331	243	0.6056166735529211
225	626	0.9779763615516509
750	577	0.9440931640888183
745	676	0.6428196303384396
99	686	0.6209602077731695
625	301	0.6248352153266217
620	361	0.729632741427541
716	181	0.9759990161858421
687	493	1.0
591	676	0.6095544606832758
687	492	0.6096144072320236
560	196	0.5733332263575712
738	790	0.602788957489997
328	328	1.0
5	676	0.6173445064616652
522	600	0.9797242755923019
396	396	1.0
217	764	0.6268692148738729
691	51	0.7073158682756174
