152	11	0.13461
306	17	0.37943
305	23	0.52241
150	30	0.28869
248	180	0.1218
162	203	0.22738
161	218	0.27216
310	278	0.3311
249	153	0.35376
309	311	0.19012
44	7	0.52241
150	21	0.04281
304	28	0.10143
304	27	0.10143
312	245	0.064966
304	34	0.096105
156	306	0.29577
161	203	0.27216
160	219	0.096624
303	44	0.27653
310	267	0.41453
160	211	0.10229
301	94	0.16561
158	307	0.18822
158	308	0.13734
248	197	0.1218
162	218	0.22738
305	44	0.52241
304	67	0.10465
161	237	0.27216
161	231	0.26935
303	74	0.1922
310	297	1.0
311	280	0.3311
302	71	0.18991
248	189	0.1218
312	259	0.044357
248	182	0.1218
311	278	1.0
302	76	0.27739
244	182	0.1218
243	197	0.1218
244	180	0.1218
312	209	0.061662
153	301	0.21885
307	308	0.41453
300	42	0.089388
238	290	0.092567
307	307	1.0
307	313	0.34135
243	182	0.1218
243	180	0.1218
238	280	0.075606
302	42	0.25522
308	313	0.32852
155	306	0.5609
302	46	0.23306
245	192	0.086268
249	148	0.19929
49	192	0.27819
309	309	1.0
244	195	0.34085
249	132	0.21212
308	308	1.0
308	307	0.41453
247	159	0.14912
247	163	0.11275
246	172	0.030645
303	23	0.28361
302	38	0.25522
244	197	0.1218
230	309	0.17472
308	75	0.27502
152	90	0.23031
306	97	0.5609
174	100	1.0
155	68	0.5609
154	77	0.18339
309	69	0.17472
154	76	0.04481
159	15	0.14912
154	71	0.04481
157	29	0.52241
160	295	0.13206
152	84	0.21781
307	75	0.29744
306	89	0.5609
30	21	0.053434
30	28	0.092913
30	27	0.092913
314	293	0.18639
151	91	0.1579
154	69	0.04481
154	64	0.04481
166	227	0.041653
154	63	0.04481
166	253	0.0609
30	30	1.0
247	5	0.067907
156	68	0.28963
163	297	0.04481
155	89	0.5609
156	72	0.20566
163	294	0.063932
101	101	1.0
309	86	0.17472
154	94	0.051587
100	100	1.0
37	307	0.086675
153	91	0.26236
174	109	0.1218
246	8	0.01648
165	250	0.055612
31	31	1.0
30	47	0.11028
163	278	0.04481
155	72	0.38415
172	134	0.45864
154	86	0.04481
100	109	0.1218
159	25	0.087973
309	76	0.19012
307	49	0.34135
151	69	0.27653
159	311	0.073681
163	224	0.04481
314	260	0.14335
159	310	0.064058
155	17	0.37769
150	76	0.01648
305	74	0.35848
46	5	0.1218
161	258	0.26584
312	290	0.068289
242	8	0.04481
160	266	0.089456
160	250	0.11306
31	311	0.083305
313	269	0.33173
313	268	0.34135
32	309	0.26574
312	289	0.033234
162	237	0.22738
304	76	0.083305
162	231	0.22526
311	297	0.3311
32	311	0.1532
308	53	0.26817
308	52	0.3084
307	65	0.26664
151	86	0.27653
163	247	0.11275
306	72	0.38887
154	57	0.04481
162	263	0.22526
244	7	0.1218
308	59	0.27178
170	127	0.52241
307	59	0.28204
165	211	0.21192
156	17	0.28203
314	277	0.15576
307	53	0.5609
152	61	0.17619
307	52	0.41453
306	68	0.5609
314	275	0.15576
150	86	0.01648
314	270	0.15576
162	258	0.22223
305	83	0.21364
33	307	0.18346
171	109	0.52241
166	205	0.13118
308	49	0.32852
304	92	0.10143
171	105	0.2255
243	5	0.083305
309	32	0.26574
165	219	0.12738
161	263	0.26935
160	279	0.15646
224	35	0.1218
296	62	0.04481
29	29	1.0
231	258	0.39698
295	76	0.06103
223	47	0.23433
294	86	0.04481
6	69	0.070473
43	126	0.18742
39	212	0.12775
234	218	0.18752
28	30	0.092913
3	95	0.12745
298	44	0.35848
221	77	0.189
35	252	0.30285
44	109	0.52241
27	47	0.22729
220	86	0.1218
41	147	0.11436
32	291	0.1422
233	233	1.0
297	50	0.37943
296	64	0.04481
224	38	0.1218
232	232	1.0
26	71	0.080833
294	76	0.04481
295	61	0.27731
37	249	0.073171
223	30	0.096141
98	98	1.0
168	168	1.0
297	42	0.5609
233	224	0.06103
225	17	0.20566
220	76	0.1218
28	47	0.22729
4	99	1.0
233	250	0.066638
43	145	0.18742
296	81	0.04481
314	7	0.18639
241	119	0.078317
237	203	0.27216
43	140	0.17041
6	86	0.070473
35	280	0.5609
299	49	0.14198
7	74	0.35376
295	90	0.36772
227	16	0.30285
8	62	1.0
222	76	0.056975
299	51	0.13516
36	261	0.21212
299	52	0.14749
235	232	0.098123
169	187	0.083664
34	289	0.13412
221	94	0.14089
233	259	0.06103
227	20	0.5609
36	260	0.5609
168	197	0.22532
297	76	0.3311
221	91	0.27991
99	99	1.0
297	71	0.39367
37	250	0.11187
233	251	0.19041
232	267	0.12793
224	46	0.1218
167	192	0.18311
295	84	0.18339
224	42	0.1218
231	263	0.39113
230	276	1.0
222	69	0.076222
235	216	0.054572
8	76	0.1218
169	169	1.0
9	53	0.06914
8	69	0.1218
234	237	0.18752
222	71	0.056975
227	13	0.30285
234	234	1.0
169	175	0.067052
45	126	0.29744
169	172	0.11062
46	111	0.22645
234	231	0.19208
47	104	0.084362
226	23	0.1218
37	266	0.079865
29	53	0.083305
296	76	0.04481
168	182	0.22532
168	180	0.22532
290	92	0.07961
290	93	0.068287
5	35	0.5609
6	23	0.070473
165	165	1.0
26	21	0.15228
34	231	0.13596
1	86	0.1218
159	278	0.073681
292	69	0.04481
98	51	0.12278
169	114	0.064849
163	189	0.04481
6	29	0.18984
292	76	0.04481
292	77	0.18339
30	272	0.11028
35	214	0.30285
163	197	0.04481
291	86	0.1218
292	71	0.04481
41	102	0.10499
296	26	0.046837
94	94	1.0
168	130	0.23598
231	218	0.26935
32	265	0.1422
226	305	0.09587
231	203	0.26935
148	94	0.1476
95	95	1.0
294	35	0.04481
31	278	0.083305
148	91	0.16321
165	152	0.12738
2	81	0.076555
293	44	0.52241
97	72	0.38415
230	210	1.0
164	164	1.0
98	60	0.12951
7	23	1.0
164	162	0.067713
292	57	0.04481
25	49	0.075264
22	71	0.10255
158	289	0.13954
292	63	0.04481
292	64	0.04481
97	68	0.5609
26	26	1.0
3	60	0.16595
2	76	0.046843
158	287	0.1731
22	76	0.1218
168	125	0.25503
291	76	0.1218
163	182	0.04481
31	273	0.1126
163	180	0.04481
36	217	0.17383
167	135	0.18113
35	227	0.5609
33	260	0.16849
32	276	0.1422
166	177	0.0609
231	237	0.26935
294	69	0.04481
223	27	0.19744
32	278	0.1532
223	28	0.19744
96	96	1.0
25	53	0.074417
231	231	1.0
25	52	0.084286
294	63	0.04481
26	42	0.10064
97	89	0.5609
27	30	0.092913
293	74	0.35376
169	137	0.065831
159	297	0.064058
298	23	0.36321
98	65	0.10738
26	38	0.10064
3	70	0.2074
297	38	0.5609
234	203	0.18752
292	94	0.051587
27	28	0.21889
220	69	0.1218
27	27	1.0
233	215	0.21784
23	74	0.35376
8	19	1.0
167	167	1.0
296	46	0.04481
31	280	0.083305
228	310	0.06103
38	212	0.26794
166	166	1.0
24	77	0.17108
37	226	0.07501
165	177	0.29317
34	263	0.13596
7	44	0.52241
44	105	0.2255
39	206	0.19283
230	230	1.0
97	97	1.0
169	134	0.081491
292	86	0.04481
3	87	0.20268
34	257	0.12993
3	88	0.20268
34	258	0.18413
9	10	0.06914
34	259	0.11516
28	27	0.21889
228	302	0.081938
42	121	0.23778
232	216	0.12617
31	291	0.083305
5	63	0.30285
296	31	0.04481
28	28	1.0
167	153	0.17317
49	135	0.24168
237	263	0.26935
236	278	0.0609
246	115	0.025923
46	168	0.19562
236	280	0.0609
150	302	0.029923
48	145	0.24888
244	144	0.24558
48	140	0.22738
304	304	1.0
225	97	0.29317
49	147	0.2027
303	305	0.27653
303	303	1.0
237	258	0.26584
164	7	0.057558
164	6	0.26882
302	311	0.27739
302	310	0.27739
240	188	0.17751
239	239	1.0
235	282	0.10222
226	82	0.24284
238	272	0.27028
247	125	0.075606
246	138	0.025437
311	206	0.52241
306	306	1.0
246	144	0.01798
249	109	0.34432
310	212	0.44919
48	161	0.22738
48	162	0.21775
304	311	0.083305
304	310	0.083305
300	14	0.27653
49	167	0.21595
236	288	0.2612
246	134	0.022451
305	305	1.0
305	303	0.27653
244	156	0.26684
166	8	0.0609
166	5	0.041653
39	251	0.17282
38	267	0.2425
37	279	0.13453
224	76	0.1218
241	138	0.20254
224	71	0.1218
236	236	1.0
27	92	0.21889
241	133	0.076426
45	145	0.29744
8	86	0.1218
300	309	0.10802
45	140	0.27216
299	65	0.14133
228	31	0.041741
240	150	0.228
9	65	0.079672
300	310	0.10255
243	119	0.086104
234	263	0.19208
43	161	0.17041
225	68	0.29317
29	69	0.1218
41	189	0.11628
237	218	0.27216
49	102	0.27678
224	69	0.1218
242	111	0.22645
8	91	0.26236
28	92	0.21889
299	53	0.15734
222	86	0.076222
235	235	1.0
47	120	0.2111
234	258	0.19208
227	35	0.5609
42	180	0.5609
298	74	0.24763
300	300	1.0
41	192	0.10543
226	44	0.09587
238	209	0.083538
29	76	0.083305
42	182	0.5609
232	278	0.14456
43	189	0.17031
48	126	0.24888
44	171	0.52241
302	302	1.0
45	161	0.27216
39	278	0.04481
241	152	0.06976
228	53	0.040088
227	63	0.30285
47	137	0.093156
226	78	0.1385
42	197	0.5609
29	86	0.1218
225	89	0.29317
238	238	1.0
238	223	0.23433
232	297	0.22121
225	72	0.21038
237	237	1.0
224	86	0.1218
38	297	0.5609
237	231	0.26935
228	38	0.041741
240	159	0.044057
299	75	0.14263
223	92	0.19744
301	301	1.0
228	42	0.041741
301	310	0.1118
47	143	0.22952
233	289	0.052476
259	122	0.10301
248	297	0.1218
310	42	0.5609
258	140	0.26584
179	8	0.1478
310	50	0.37943
57	197	0.30305
255	178	0.16315
249	279	0.35376
249	277	0.19457
249	275	0.19457
310	38	0.5609
258	126	0.5609
252	198	0.52241
257	136	0.25928
248	280	0.1218
257	141	0.15376
59	189	0.25125
311	57	0.33793
259	141	0.14122
258	161	0.26584
59	192	0.2728
310	71	0.39367
257	174	0.33738
314	23	0.18639
256	186	0.04481
256	182	0.04481
254	198	0.18796
105	7	0.25172
259	136	0.23778
249	293	0.34432
258	145	0.5609
163	310	0.04481
163	311	0.04481
314	305	0.15576
55	185	0.10741
55	186	0.083305
175	8	0.3311
313	313	1.0
58	140	0.27216
101	5	0.3221
59	135	0.20298
255	132	0.16929
249	249	1.0
58	145	0.29744
244	293	0.1218
248	248	1.0
313	308	0.32852
254	130	0.66555
236	81	0.041653
59	147	0.26664
313	307	0.34135
56	189	0.14136
174	7	0.1218
251	168	0.062445
312	312	1.0
257	100	0.33738
237	79	0.27216
251	170	0.18956
250	185	0.11043
100	7	0.1218
244	297	0.1218
255	151	0.16448
249	266	0.35376
56	192	0.13207
253	179	0.1478
253	175	0.3311
57	182	0.30305
57	180	0.30305
58	161	0.27216
238	92	0.22729
177	8	0.1218
255	155	0.16315
255	153	0.28869
254	168	0.22048
176	7	0.19645
314	314	1.0
258	106	0.30185
247	278	0.075606
252	183	0.52241
255	148	0.17637
162	58	0.22738
252	5	0.30285
41	307	0.11243
169	312	0.069661
160	84	0.18512
162	48	0.21775
162	45	0.22738
170	251	0.18956
42	302	0.25522
161	58	0.27216
312	93	0.080885
259	193	0.28869
173	225	0.21038
169	310	0.063152
160	74	0.072583
172	237	0.091004
164	29	0.18165
172	234	0.092929
172	231	0.096137
41	313	0.10272
170	259	0.083305
171	275	0.52241
100	231	0.086693
171	270	0.52241
42	310	0.5609
162	79	0.22738
180	121	0.38887
175	220	0.1218
166	35	0.041653
101	227	0.3221
172	267	0.26455
164	54	0.064913
254	5	0.18796
172	263	0.096137
171	277	0.52241
161	79	0.27216
44	303	0.27653
166	19	0.0609
174	231	0.086693
166	20	0.041653
172	258	0.10255
160	90	0.13206
164	48	0.067713
101	214	0.18346
253	8	1.0
170	224	0.083305
313	53	0.34135
313	52	0.33493
311	76	1.0
160	37	0.11232
311	71	0.446
167	307	0.21426
167	308	0.21651
172	203	0.091004
257	193	0.19622
314	44	0.15576
313	59	0.27819
257	190	0.17693
165	311	0.056975
161	18	0.23109
310	76	0.3311
314	36	0.14335
256	197	0.04481
313	49	0.33173
170	215	0.22952
313	75	0.27678
312	88	0.044357
312	87	0.044357
161	48	0.22738
161	45	0.27216
173	207	0.38887
109	7	1.0
173	213	0.232
168	311	0.25503
160	61	0.10229
168	310	0.22532
170	233	0.37132
312	70	0.033262
172	218	0.091004
167	313	0.21595
163	15	0.11275
314	51	0.15351
30	92	0.092913
241	219	0.06976
31	81	0.39367
100	174	1.0
35	35	1.0
236	311	0.0609
103	139	0.5609
240	224	0.079672
104	120	0.066478
45	218	0.27216
32	69	0.1422
33	51	0.17551
173	195	0.26243
41	268	0.11173
168	297	0.22532
41	269	0.10272
230	46	0.1218
106	106	1.0
51	103	0.38887
51	105	0.23117
230	42	0.1218
105	105	1.0
36	33	0.16849
42	267	0.2425
47	209	0.083538
45	231	0.26935
36	36	1.0
43	258	0.16829
37	22	0.11469
32	76	0.1532
174	174	1.0
33	65	0.17656
102	147	0.17882
179	112	0.10782
52	102	0.28015
230	32	0.1422
105	109	0.25172
168	280	0.25149
101	183	0.18346
230	62	0.1218
177	165	0.29317
53	102	0.28974
48	203	0.22738
43	263	0.17467
176	176	1.0
100	190	0.50824
240	247	0.058454
232	38	0.14472
176	171	0.17502
104	143	0.075181
108	108	1.0
32	86	0.1422
179	148	0.15713
232	42	0.14472
231	58	0.26935
45	237	0.27216
230	69	1.0
178	156	0.28963
34	67	0.15503
178	155	0.5609
106	126	0.28869
41	287	0.10629
36	51	0.38887
48	218	0.22738
242	212	0.06103
177	152	0.23991
104	137	0.071996
241	224	0.083305
175	179	0.42675
175	175	1.0
233	12	0.37132
240	241	0.082629
240	240	1.0
37	37	1.0
107	107	1.0
102	167	0.1812
231	45	0.26935
174	190	0.50824
179	132	0.15713
34	73	0.12441
178	146	0.5609
169	290	0.06476
35	63	0.30285
106	118	0.16575
47	223	0.23433
51	139	0.38887
38	302	0.25522
171	171	1.0
42	212	0.26794
170	185	0.10741
170	186	0.083305
158	60	0.1392
43	203	0.17041
165	280	0.064058
156	89	0.28963
169	245	0.070067
33	10	0.17484
173	155	0.38241
173	156	0.28439
172	169	0.11062
168	254	0.22048
167	268	0.21426
167	269	0.21595
37	310	0.072242
249	7	0.34432
172	161	0.091004
232	310	0.22121
176	105	0.17761
158	53	0.13446
157	69	0.1218
248	5	0.083305
165	278	0.056975
38	310	0.5609
158	52	0.15103
43	218	0.17041
170	172	0.06914
170	170	1.0
165	271	0.27793
169	226	0.10013
174	126	0.1218
32	32	1.0
164	293	0.057558
173	146	0.38241
31	46	0.083305
102	102	1.0
155	97	0.5609
100	126	0.1218
176	109	0.19645
158	59	0.13839
232	311	0.14456
35	16	0.30285
35	13	0.30285
104	104	1.0
31	62	0.083305
235	306	0.04481
240	204	0.048876
39	311	0.04481
240	201	0.05732
235	311	0.04481
235	310	0.04481
231	18	0.23036
169	267	0.081698
103	122	0.16802
102	135	0.20169
168	278	0.25503
173	178	0.38241
101	149	0.18346
33	36	0.16849
173	173	1.0
33	33	1.0
159	76	0.073681
100	145	0.1218
35	20	0.5609
36	10	0.30285
43	231	0.17467
165	295	0.19684
166	280	0.0609
158	70	0.18417
157	86	0.1218
103	105	0.21448
43	237	0.17041
103	103	1.0
31	76	0.083305
174	145	0.1218
156	97	0.28963
45	203	0.27216
34	34	1.0
101	130	0.2157
172	172	1.0
235	69	0.04481
107	173	0.12606
106	189	0.28869
235	62	0.04481
247	227	0.067907
234	79	0.18752
105	194	0.22759
233	88	0.06103
238	27	0.22729
238	28	0.22729
233	87	0.06103
47	272	0.27028
251	141	0.11711
311	302	0.27739
246	241	0.028041
237	48	0.22738
238	30	0.11028
56	126	0.13482
250	152	0.073459
237	45	0.27216
39	69	0.035367
310	311	0.3311
310	310	1.0
107	178	0.16911
243	279	0.1218
48	263	0.22526
49	268	0.34135
49	269	0.33173
252	116	0.52241
252	113	0.52241
251	127	0.18956
56	145	0.13482
57	125	0.33793
108	159	0.059049
51	194	0.30285
245	245	1.0
47	280	0.075606
39	76	0.04481
171	7	0.52241
59	102	0.23346
54	161	0.19725
243	267	0.096137
243	297	0.1218
107	195	0.13012
236	70	0.041653
235	86	0.04481
236	71	0.041653
252	149	0.52241
248	232	0.10912
247	247	1.0
246	267	0.025923
39	83	0.20642
245	279	0.091216
57	130	0.31408
47	290	0.092567
250	177	0.097194
56	147	0.13731
52	192	0.28204
39	86	0.035367
58	126	0.29744
109	171	0.52241
254	128	0.26621
236	76	0.0609
236	63	0.041653
55	172	0.06914
248	227	0.083305
235	76	0.04481
55	170	0.52241
242	297	0.04481
243	280	0.1218
247	232	0.06619
252	130	0.35518
246	246	1.0
238	47	0.27028
245	269	0.097194
245	268	0.10227
311	311	1.0
311	310	0.3311
237	58	0.27216
250	160	0.11306
245	260	0.085196
53	192	0.28974
106	147	0.17283
178	173	0.38241
106	145	0.28869
36	66	0.17268
36	65	0.25125
242	242	1.0
44	270	0.52241
45	263	0.26935
109	109	1.0
176	194	0.17891
44	275	0.52241
38	42	0.5609
44	277	0.52241
240	274	0.06322
231	79	0.26935
38	38	1.0
45	258	0.26584
52	135	0.24883
231	73	0.26625
47	238	0.27028
42	297	0.5609
178	178	1.0
34	88	0.17182
102	192	0.23346
230	86	1.0
34	87	0.17182
177	177	1.0
48	237	0.22738
54	126	0.21568
241	241	1.0
241	240	0.082629
38	50	0.38415
38	46	0.5609
103	176	0.16787
244	216	0.20401
50	168	0.18753
48	231	0.22526
179	153	0.27653
244	213	0.21677
52	147	0.2425
101	198	0.18346
230	76	0.1218
39	39	1.0
44	293	0.52241
236	31	0.041653
178	195	0.37769
234	58	0.18752
53	147	0.3221
55	127	0.52241
37	74	0.084904
247	201	0.15313
50	180	0.37943
241	274	0.082133
44	298	0.35848
241	273	0.094747
50	182	0.37943
105	171	0.2255
240	288	0.045993
38	57	0.27919
251	121	0.074726
179	186	0.13563
244	244	1.0
236	35	0.041653
107	155	0.16911
235	35	0.04481
243	243	1.0
54	145	0.21568
54	140	0.19725
48	258	0.22223
234	45	0.18752
38	71	0.25774
50	197	0.37943
233	55	0.37132
51	176	0.18179
232	76	0.14456
39	50	0.13047
237	18	0.23109
179	179	1.0
103	194	0.30285
179	175	0.42675
108	134	0.12971
232	71	0.12419
107	146	0.16911
66	171	0.17679
258	258	1.0
268	102	0.28974
263	161	0.26935
68	146	0.5609
69	132	0.52241
64	197	0.1218
119	197	0.097619
256	283	0.048115
256	280	0.04481
248	71	0.083305
260	194	0.30285
119	180	0.097619
255	283	0.20268
118	197	0.1218
264	138	0.5609
264	135	0.071902
246	86	0.01648
118	193	0.26236
118	190	0.25976
263	145	0.41453
246	81	0.030645
257	259	0.22959
263	140	0.26935
257	257	1.0
245	93	0.089185
68	156	0.28963
266	118	0.26944
262	161	0.20073
256	278	0.04481
261	176	0.13189
68	155	0.5609
65	194	0.25895
119	182	0.097619
247	76	0.075606
66	194	0.18702
269	102	0.27678
68	173	0.38241
259	261	0.11194
69	151	0.27653
113	5	0.30285
267	134	0.19986
266	148	0.28361
259	259	1.0
259	257	0.22959
67	193	0.12453
258	263	0.39698
257	289	0.25928
68	178	0.5609
249	74	0.24763
267	121	0.16915
256	297	0.04481
171	305	0.52241
261	194	0.21853
171	303	0.27653
266	132	0.30285
246	57	0.019466
47	92	0.22729
258	218	0.26584
57	280	0.33793
116	183	0.52241
262	126	0.21717
49	75	0.27678
261	139	0.21212
57	278	0.33793
249	23	0.34432
58	263	0.26935
62	179	0.1478
248	38	0.083305
248	35	0.083305
62	175	0.3311
255	255	1.0
254	254	1.0
189	192	0.25125
254	252	0.18796
59	268	0.28974
245	59	0.086268
59	269	0.27819
258	203	0.26584
245	52	0.097716
245	53	0.10227
252	280	0.52241
67	126	0.21849
247	35	0.067907
118	182	0.1218
246	76	0.01648
118	180	0.1218
253	297	0.1218
258	237	0.26584
254	280	0.3311
67	145	0.21849
258	231	0.39698
262	145	0.21717
63	183	0.52241
249	44	0.19457
67	136	0.1463
266	106	0.15358
57	297	0.30305
260	176	0.16787
263	126	0.41453
116	198	0.52241
253	280	0.1218
64	180	0.1218
262	140	0.20073
256	256	1.0
256	255	0.066536
183	5	0.30285
248	42	0.083305
64	182	0.1218
63	198	0.52241
102	308	0.27502
269	167	0.21595
171	23	0.52241
102	307	0.29744
102	313	0.27678
267	197	0.41453
181	219	0.087349
63	5	0.30285
181	215	0.071638
180	212	0.44919
175	311	0.1218
175	310	0.1218
170	37	0.070886
267	182	0.41453
176	305	0.17502
117	5	0.078583
267	180	0.41453
269	192	0.27819
183	214	0.52241
173	17	0.26243
66	7	0.19645
50	302	0.17663
171	44	0.52241
170	55	0.52241
178	306	0.5609
268	192	0.28974
182	212	0.44919
177	311	0.1218
259	289	0.23778
68	195	0.37769
173	306	0.38887
60	3	0.16595
189	3	0.35376
266	151	0.16675
188	8	0.013008
266	153	0.52241
116	5	0.30285
265	191	1.0
269	147	0.2027
267	172	0.26455
269	135	0.24168
268	147	0.3221
170	12	0.52241
266	179	0.16067
62	8	1.0
243	310	0.1218
101	280	0.3221
176	277	0.17502
41	41	1.0
176	275	0.17502
100	293	0.1218
185	127	0.10741
176	270	0.17502
41	49	0.10272
180	182	1.0
167	75	0.1812
179	249	0.1141
184	142	0.12
103	260	0.5609
103	261	0.21212
112	112	1.0
111	125	0.22645
111	111	1.0
165	90	0.19684
242	311	0.04481
41	53	0.11173
242	310	0.04481
41	52	0.10937
104	238	0.084362
175	278	0.1218
49	308	0.32852
54	203	0.19725
41	59	0.10543
49	307	0.34135
42	42	1.0
180	180	1.0
42	38	0.5609
102	269	0.27678
175	280	0.1218
183	149	0.52241
174	293	0.1218
102	268	0.28974
184	131	0.090273
107	207	0.18954
243	300	0.27653
49	313	0.33173
182	182	1.0
182	180	1.0
181	197	0.083305
45	18	0.23109
54	218	0.19725
177	280	0.1218
176	293	0.19645
42	50	0.38415
245	308	0.095766
245	307	0.10305
109	205	0.26532
114	112	0.074673
104	272	0.084362
245	313	0.097194
42	46	0.5609
108	225	0.18435
189	106	0.28869
179	266	0.16067
44	23	0.52241
188	115	0.01772
112	132	0.14603
240	25	0.055913
41	75	0.10499
106	231	0.22428
181	186	0.099614
177	271	0.37595
168	76	0.25503
186	125	0.1218
181	181	1.0
180	197	1.0
55	215	0.22952
181	182	0.083305
181	180	0.083305
175	297	0.1218
168	71	0.23808
43	43	1.0
113	116	0.52241
42	57	0.27919
113	113	1.0
50	267	0.166
43	45	0.17041
179	253	0.1478
107	225	0.11779
244	310	0.1218
240	15	0.058454
182	121	0.38887
164	73	0.12028
104	209	0.064756
181	133	0.15557
171	293	0.52241
103	217	0.17383
174	257	0.33738
174	258	0.1218
174	263	0.086693
183	116	0.52241
44	305	0.52241
178	213	0.23396
183	113	0.52241
100	258	0.1218
165	61	0.21192
171	298	0.35848
100	257	0.33738
177	211	0.28609
163	76	0.04481
178	207	0.5609
164	69	0.057558
177	219	0.23991
181	152	0.087349
110	110	1.0
167	59	0.18311
241	311	0.064058
104	223	0.076319
168	42	0.21047
167	53	0.21426
51	200	0.18811
46	302	0.23306
50	212	0.18412
183	130	0.35518
100	263	0.086693
164	82	0.078455
40	40	1.0
167	49	0.21595
175	254	0.1218
175	253	0.3311
167	52	0.22423
257	3	0.1383
166	63	0.03457
166	62	0.0609
51	217	0.22326
178	225	0.29317
165	76	0.056975
164	86	0.057558
101	252	0.18346
108	280	0.055537
116	149	0.52241
65	103	0.25125
64	112	0.077806
187	187	1.0
46	69	0.1218
61	152	0.17619
186	197	0.1218
65	105	0.19873
48	45	0.22738
119	119	1.0
261	105	0.16622
44	83	0.21364
114	179	0.086844
109	277	0.52241
261	103	0.21212
250	279	0.11237
109	275	0.52241
242	69	0.04481
242	62	0.04481
109	270	0.52241
254	227	0.18796
64	111	0.083305
53	287	0.23778
108	283	0.12656
241	76	0.064058
46	63	0.1218
45	79	0.27216
113	183	0.52241
112	197	0.1517
117	125	0.096137
111	197	0.22645
46	76	0.1218
112	182	0.1517
112	180	0.1517
56	263	0.13212
116	130	0.35518
66	105	0.18361
61	165	0.21192
186	186	1.0
48	58	0.22738
244	23	0.1218
61	160	0.10229
251	251	1.0
63	130	0.35518
58	231	0.26935
48	48	1.0
255	207	0.28869
260	105	0.21448
118	118	1.0
108	278	0.055537
260	103	0.5609
189	158	0.19922
58	237	0.27216
254	214	0.18796
46	71	0.1218
247	20	0.067907
245	49	0.097194
60	184	0.20617
46	86	0.1218
246	31	0.030645
253	253	1.0
60	189	0.21426
49	53	0.34135
49	52	0.33493
65	129	0.17175
260	139	0.5609
109	298	0.36321
261	122	0.14694
56	268	0.14027
49	49	1.0
250	297	0.070316
66	109	0.19645
256	221	0.083221
57	254	0.29022
109	293	1.0
250	295	0.083496
242	86	0.04481
243	71	0.083305
189	189	1.0
247	25	0.12779
63	149	0.52241
188	188	1.0
241	81	0.092761
188	187	0.015364
245	36	0.085196
187	192	0.1374
252	252	1.0
48	79	0.22738
65	139	0.25125
60	199	0.14265
243	63	0.083305
61	177	0.28609
49	59	0.27819
119	125	0.097619
58	258	0.26584
113	198	0.52241
242	76	0.04481
260	122	0.16802
108	297	0.055537
247	15	0.22841
255	221	0.28869
242	71	0.04481
187	147	0.15649
106	266	0.15358
106	263	0.22428
105	277	0.2255
54	231	0.19543
169	93	0.074379
115	115	1.0
105	275	0.2255
55	224	0.083305
251	215	0.11279
42	71	0.25774
54	237	0.19725
251	212	0.075467
105	270	0.2255
114	132	0.14238
113	149	0.52241
104	290	0.072113
51	260	0.38887
184	189	0.1218
51	261	0.2164
43	58	0.17041
185	170	0.10741
184	184	1.0
183	198	0.52241
179	283	0.10938
44	44	1.0
189	122	0.17283
112	153	0.22526
241	31	0.096303
182	197	1.0
45	48	0.22738
188	121	0.037977
46	38	0.5609
177	295	0.37943
240	30	0.12791
46	35	0.1218
169	82	0.07617
177	291	0.1218
251	206	0.10496
50	297	0.37943
250	219	0.073459
246	303	0.018354
114	114	1.0
55	233	0.37132
47	28	0.22729
47	27	0.22729
185	160	0.10556
112	148	0.14053
52	268	0.41453
52	269	0.33493
113	130	0.35518
45	45	1.0
183	183	1.0
106	258	0.30185
117	111	0.10536
46	42	0.5609
45	58	0.27216
252	227	0.30285
111	182	0.22645
244	17	0.34085
53	268	0.5609
188	150	0.43659
248	310	0.1218
53	269	0.34135
47	30	0.11028
46	46	1.0
186	179	0.13563
111	180	0.22645
56	231	0.13212
60	147	0.13099
186	175	0.1218
105	293	0.25172
54	258	0.19284
114	148	0.14238
109	249	0.34432
251	233	0.19041
186	182	0.1218
186	180	0.1218
186	181	0.099614
242	46	0.04481
114	153	0.25824
43	79	0.17041
114	151	0.079142
189	147	0.52241
242	42	0.04481
58	203	0.27216
118	106	0.16575
250	250	1.0
241	57	0.069237
117	117	1.0
249	305	0.19457
188	144	0.026345
106	279	0.26236
116	116	1.0
55	251	0.18956
240	54	0.045942
58	218	0.27216
54	263	0.19543
116	113	0.52241
252	214	0.52241
46	57	0.25534
47	47	1.0
60	158	0.1392
55	259	0.083305
115	125	0.1659
247	311	0.075606
243	14	1.0
115	130	0.10064
185	185	1.0
242	38	0.04481
184	199	0.137
44	74	0.35848
189	136	0.35376
63	113	0.52241
53	274	0.25611
63	116	0.52241
52	287	0.2335
46	50	0.38887
66	293	0.19645
75	147	0.17882
264	264	1.0
264	263	0.04481
274	102	0.13906
59	75	0.23346
255	68	0.16315
127	172	0.06914
273	115	0.11389
71	197	0.39367
127	170	0.52241
272	137	0.093156
200	109	0.17379
78	103	0.13016
73	162	0.20467
72	178	0.38415
266	249	0.35376
200	105	0.13965
253	91	0.26236
199	199	1.0
72	195	0.26358
77	132	0.10465
263	263	1.0
259	18	0.10847
67	289	0.1463
125	197	0.3311
272	120	0.2111
253	86	0.1218
254	71	0.39367
129	147	0.18201
257	67	0.14569
75	167	0.1812
270	171	0.52241
264	286	0.069528
128	182	0.2855
256	76	0.04481
77	148	0.10702
128	180	0.2855
273	138	0.11728
264	280	0.04481
255	89	0.16315
74	171	0.35848
255	91	0.22722
258	58	0.26584
271	165	0.27793
266	266	1.0
69	276	1.0
275	105	0.2255
265	265	1.0
77	151	0.10625
77	153	0.17866
264	273	0.17693
127	185	0.10741
127	186	0.083305
77	154	0.18339
273	125	0.10064
78	139	0.13016
79	126	0.29744
272	143	0.22952
259	34	0.11516
266	255	0.15967
258	45	0.26584
275	109	0.52241
271	152	0.16196
128	125	0.32038
65	261	0.19149
75	102	0.27054
263	237	0.26935
122	194	0.16802
57	57	1.0
58	48	0.22738
58	45	0.27216
263	231	0.39113
126	145	1.0
62	297	0.1218
73	123	0.3361
68	225	0.29317
119	278	0.097619
63	280	0.52241
261	261	1.0
261	260	0.21212
65	260	0.25125
128	128	1.0
69	210	1.0
73	126	0.37595
252	63	0.52241
124	170	0.061829
122	189	0.17283
127	127	1.0
117	288	0.37132
250	74	0.071582
121	197	0.38887
109	74	0.35376
58	58	1.0
117	280	0.096137
262	237	0.20073
197	182	1.0
126	140	0.29744
254	35	0.18796
197	180	1.0
196	196	1.0
55	87	0.083305
270	109	0.52241
72	146	0.38415
118	279	0.50824
270	105	0.2255
123	179	0.017396
55	88	0.083305
260	261	0.21212
260	260	1.0
257	24	0.33738
199	189	0.14946
57	76	0.33793
199	184	0.137
198	198	1.0
263	258	0.39698
66	270	0.17679
264	241	0.056975
67	263	0.15273
190	7	0.083305
59	53	0.28974
59	52	0.28204
66	275	0.17679
77	100	0.17108
66	277	0.17679
73	145	0.37595
69	230	1.0
59	49	0.27819
254	63	0.18796
72	155	0.38415
267	212	0.18926
72	156	0.20566
67	257	0.14569
67	258	0.20735
67	259	0.12453
125	182	0.3311
253	76	0.1218
64	297	0.1218
125	180	0.3311
119	297	0.097619
266	221	0.18512
124	194	0.062632
57	71	0.31728
119	280	0.087154
71	182	0.39367
76	125	1.0
75	135	0.20169
128	130	0.28688
251	83	0.11009
71	180	0.39367
72	173	0.26673
198	183	0.52241
58	79	0.27216
197	197	1.0
262	258	0.1946
250	90	0.083496
76	128	0.32038
272	104	0.084362
254	57	0.29022
262	263	0.19845
126	161	0.29744
262	262	1.0
59	59	1.0
253	69	0.1218
129	129	1.0
253	62	1.0
124	185	0.06679
118	297	0.1218
265	223	0.21212
70	3	0.2074
275	171	0.52241
203	145	0.29744
78	194	0.13353
274	192	0.14328
199	7	0.14344
198	5	0.30285
276	151	0.27653
204	121	0.15646
279	118	0.50824
203	140	0.27216
202	151	0.27653
182	311	0.3311
182	310	1.0
277	171	0.52241
185	307	0.081661
181	11	0.28609
208	111	0.065297
200	194	0.15837
184	305	0.06914
203	161	0.27216
206	125	0.52241
266	283	0.18984
265	297	0.1218
257	88	0.37595
258	73	0.37532
129	192	0.17688
257	87	0.37595
274	147	0.16829
265	291	1.0
79	140	0.27216
201	132	0.129
259	67	0.12453
258	79	0.26584
77	174	0.17108
128	197	0.2855
264	297	0.04481
257	70	0.20566
255	97	0.16315
79	145	0.29744
256	91	0.066536
277	109	0.52241
201	125	0.1064
267	267	1.0
277	105	0.2255
76	180	0.3311
266	279	0.52241
271	177	0.37595
76	182	0.3311
129	189	0.17031
75	192	0.23346
205	102	0.14797
181	310	0.083305
76	197	0.3311
269	269	1.0
203	126	0.29744
269	268	0.34135
79	161	0.27216
279	106	0.26236
278	128	0.32038
268	287	0.23778
201	159	0.10375
278	125	1.0
267	297	0.41453
259	88	0.34135
201	153	0.21318
205	109	0.26532
259	87	0.34135
259	70	0.083305
276	132	0.52241
180	311	0.3311
180	310	1.0
78	187	0.14906
268	269	0.34135
268	268	1.0
202	132	0.52241
201	148	0.14439
268	274	0.25611
259	76	0.083305
122	3	0.15849
187	226	0.23745
174	77	0.17108
179	19	0.1478
175	62	0.3311
103	36	0.5609
103	33	0.16849
102	49	0.27678
111	242	0.22645
181	297	0.083305
173	89	0.38241
109	305	0.52241
250	307	0.073492
109	303	0.28361
113	227	0.30285
101	63	0.18346
100	77	0.17108
194	105	0.22759
250	310	0.070316
185	250	0.11043
194	103	0.30285
104	27	0.074001
193	118	0.26236
104	28	0.074001
176	51	0.18179
105	10	0.22759
51	10	0.30285
178	17	0.37769
173	72	0.26673
180	297	1.0
185	233	0.10295
113	214	0.52241
176	44	0.17502
108	311	0.055537
108	310	0.055537
182	278	0.3311
192	147	0.26664
103	51	0.38887
50	38	0.38415
115	214	0.092525
185	266	0.075338
190	174	0.50824
56	307	0.13326
184	287	0.073862
177	61	0.28609
177	62	0.1218
105	36	0.21448
184	284	0.13624
104	47	0.084362
194	122	0.16802
193	136	0.22023
183	280	0.52241
182	297	1.0
50	46	0.38887
192	135	0.20298
175	71	0.1218
51	36	0.38887
102	59	0.23346
51	33	0.17551
173	97	0.38241
102	52	0.28015
102	53	0.28974
114	221	0.09432
61	211	0.27162
112	249	0.12927
105	23	0.25172
175	76	0.1218
188	226	0.015835
61	219	0.17619
193	122	0.10301
50	42	0.38415
190	109	0.083305
180	267	0.41453
172	58	0.091004
101	16	0.18346
101	13	0.18346
190	100	0.50824
171	74	0.35848
170	88	0.083305
50	310	0.37943
170	87	0.083305
176	10	0.17891
105	305	0.2255
52	308	0.3084
174	23	0.1218
52	307	0.41453
172	45	0.091004
104	312	0.062038
100	23	0.1218
100	24	1.0
183	227	0.30285
175	19	0.3311
174	24	1.0
264	4	1.0
192	102	0.23346
173	68	0.38241
103	10	0.30285
172	79	0.091004
101	35	0.3221
53	307	0.5609
53	308	0.26817
108	303	0.10239
52	313	0.33493
112	212	0.13933
182	267	0.41453
107	310	0.11555
183	252	0.52241
264	9	0.04481
181	267	0.067446
190	118	0.25976
180	278	0.3311
53	313	0.34135
185	215	0.086204
101	20	0.3221
171	83	0.21364
176	23	0.19645
107	306	0.18954
69	8	0.1218
70	122	0.10478
193	193	1.0
109	44	0.52241
52	75	0.28015
126	106	0.28869
198	130	0.35518
193	190	0.25976
115	278	0.1659
107	68	0.16911
262	203	0.20073
60	284	0.15641
196	156	0.0073572
261	217	0.22174
61	271	0.27557
60	287	0.12627
62	253	1.0
53	59	0.28974
54	48	0.18875
195	178	0.37769
115	280	0.14024
107	72	0.13612
54	45	0.19725
195	173	0.26243
118	249	0.18984
251	39	0.17282
189	289	0.35376
64	232	0.068223
189	287	0.2425
55	37	0.070886
250	37	0.11187
104	92	0.074001
104	93	0.063562
108	46	0.055537
192	192	1.0
71	125	0.446
116	252	0.52241
108	42	0.055537
70	136	0.22495
61	280	0.064058
58	18	0.23109
178	97	0.5609
256	307	0.04481
53	75	0.28974
179	91	0.11302
115	273	0.11389
54	54	1.0
124	127	0.061829
106	79	0.15311
124	124	1.0
119	225	0.08872
256	311	0.04481
54	58	0.19725
256	310	0.04481
252	16	0.52241
119	224	0.11418
114	283	0.096681
106	73	0.20381
194	176	0.17891
252	13	0.52241
63	252	0.52241
118	234	0.092886
117	278	0.096137
251	55	0.18956
123	162	0.16957
56	49	0.12975
263	218	0.26935
264	200	0.18796
251	50	0.078036
70	141	0.12478
126	126	1.0
61	295	0.27731
108	76	0.055537
62	280	0.1218
71	130	0.41984
121	182	0.38887
116	280	0.52241
121	180	0.38887
107	89	0.16911
107	97	0.16911
262	231	0.19845
254	20	0.18796
71	128	0.29491
195	195	1.0
55	55	1.0
118	266	0.26944
118	267	0.091415
123	164	0.3361
73	106	0.20381
68	207	0.5609
56	43	0.13011
198	149	0.52241
56	59	0.13207
57	42	0.27919
64	267	0.070473
263	203	0.26935
74	109	0.35376
262	218	0.20073
67	231	0.15273
125	128	0.32038
70	158	0.18417
125	125	1.0
253	19	1.0
68	213	0.23396
196	173	0.0077882
54	79	0.19725
119	243	0.086104
56	53	0.14027
56	52	0.13471
252	35	0.30285
56	56	1.0
194	194	1.0
69	202	1.0
187	268	0.1413
50	57	0.19419
187	269	0.14771
116	227	0.30285
253	311	0.1218
253	310	0.1218
121	121	1.0
120	137	0.073394
186	278	0.1218
196	119	0.006339
111	280	0.22645
178	68	0.5609
196	115	0.013008
114	249	0.098174
196	112	0.007552
114	255	0.080413
57	310	0.30305
57	311	0.33793
106	45	0.15311
186	280	0.1218
178	72	0.38415
190	193	0.25976
190	190	1.0
50	50	1.0
105	51	0.23117
188	241	0.016542
103	66	0.17268
59	307	0.28204
193	141	0.11873
59	308	0.27178
51	51	1.0
188	240	0.17751
116	214	0.52241
103	65	0.25125
107	17	0.13012
102	75	0.27054
185	279	0.12685
120	120	1.0
52	49	0.33493
177	76	0.1218
194	139	0.30285
113	252	0.52241
105	44	0.2255
112	266	0.14053
63	214	0.52241
189	234	0.186
111	278	0.22645
253	306	0.1218
122	103	0.16802
198	116	0.52241
51	65	0.25638
251	12	0.18956
192	189	0.25125
108	38	0.055537
63	227	0.30285
52	53	0.41453
198	113	0.52241
109	23	1.0
59	313	0.27819
52	52	1.0
250	22	0.09369
51	66	0.1882
61	250	0.066393
197	121	0.38887
196	137	0.058099
186	297	0.1218
178	89	0.5609
115	252	0.092525
52	59	0.28204
260	217	0.17383
195	155	0.37769
195	156	0.28203
199	109	0.14344
122	139	0.16802
123	123	1.0
55	12	0.52241
50	71	0.17881
112	297	0.1517
117	236	0.19443
122	136	0.16051
113	280	0.52241
122	122	1.0
64	226	0.075606
117	224	0.35376
111	297	0.22645
53	52	0.41453
120	144	0.067857
179	62	0.1478
120	143	0.18339
65	217	0.21888
53	53	1.0
191	191	1.0
114	266	0.14238
106	58	0.15311
53	49	0.34135
195	146	0.37769
255	306	0.28869
177	90	0.37943
134	172	0.45864
270	275	0.52241
270	270	1.0
69	32	0.1422
75	268	0.28974
75	269	0.27678
137	137	1.0
133	181	0.15557
128	280	0.30755
136	147	0.19929
74	270	0.35848
273	241	0.094747
265	32	0.1422
135	167	0.18113
78	226	0.1385
263	58	0.26935
74	279	0.35376
66	66	1.0
281	102	0.13003
74	275	0.35848
276	202	1.0
270	277	0.52241
280	116	0.52241
79	218	0.27216
74	277	0.35848
128	278	0.32038
10	122	0.16802
139	103	0.5609
138	119	0.05907
133	173	0.076249
261	65	0.19149
69	42	0.1218
261	66	0.13649
269	313	0.33173
119	76	0.097619
69	46	0.1218
137	120	0.073394
136	136	1.0
77	255	0.15026
272	238	0.27028
136	141	0.15799
201	201	1.0
200	217	0.16799
129	268	0.19371
263	45	0.26935
129	269	0.17852
67	67	1.0
271	250	0.064971
139	105	0.21448
262	58	0.20073
271	280	0.070473
263	73	0.26625
76	278	1.0
270	293	0.52241
280	130	0.66555
68	68	1.0
267	21	0.18035
203	203	1.0
77	266	0.098197
10	139	0.30285
278	206	0.52241
273	264	0.17693
84	133	0.1102
74	293	0.35376
79	231	0.26935
272	272	1.0
67	73	0.13983
263	79	0.26935
139	139	1.0
79	237	0.27216
74	298	0.24763
134	197	0.096137
270	298	0.35848
69	62	0.1218
276	210	1.0
138	138	1.0
139	122	0.16802
134	182	0.096137
134	180	0.096137
128	297	0.2855
138	135	0.051274
69	69	1.0
265	38	0.1218
78	260	0.13016
11	133	0.19858
136	158	0.13954
137	143	0.090934
202	202	1.0
265	46	0.1218
202	210	1.0
265	42	0.1218
271	278	0.06103
76	280	0.3311
262	79	0.20073
80	192	0.17587
68	72	0.38415
67	88	0.19535
271	271	1.0
67	87	0.19535
62	76	0.1218
80	126	0.19112
127	259	0.083305
261	36	0.21212
70	287	0.13894
63	63	1.0
261	33	0.13218
81	117	0.22495
132	153	0.52241
71	278	0.446
127	251	0.18956
132	151	0.27653
272	209	0.083538
70	289	0.22495
126	263	0.41453
81	115	0.10897
65	33	0.17656
130	183	0.35518
117	76	0.096137
263	18	0.23036
65	36	0.25125
60	95	0.17246
267	310	0.41453
125	280	0.3311
61	84	0.13906
134	134	1.0
66	23	0.19645
60	98	0.12951
117	71	0.080944
199	277	0.12837
133	133	1.0
71	280	0.446
62	86	0.1218
199	275	0.12837
132	148	0.30285
115	81	0.10897
74	249	0.24763
199	270	0.12837
126	258	0.5609
114	93	0.073887
260	36	0.5609
114	91	0.075601
260	33	0.16849
68	17	0.37769
197	297	1.0
65	51	0.25638
198	280	0.52241
119	31	0.09347
81	125	0.083305
64	64	1.0
189	95	0.17112
125	278	1.0
271	219	0.16196
61	90	0.27731
271	211	0.27557
262	18	0.17247
73	258	0.37532
262	45	0.20073
133	164	0.076008
269	308	0.32852
269	307	0.34135
80	145	0.19112
82	123	0.14751
273	216	0.08797
260	66	0.17268
131	189	0.11107
261	51	0.2164
64	71	0.064058
260	65	0.25125
77	221	0.189
268	313	0.34135
71	297	0.39367
65	53	0.17112
131	192	0.098201
73	263	0.26625
200	200	1.0
66	44	0.17679
83	109	0.2126
67	34	0.15503
62	91	0.26236
128	254	0.26621
10	103	0.30285
133	152	0.091377
199	293	0.14344
137	104	0.071996
268	308	0.26817
268	307	0.5609
82	136	0.10619
10	105	0.22759
260	51	0.38887
130	198	0.35518
65	65	1.0
125	297	0.3311
136	122	0.16051
118	74	0.19457
272	223	0.23433
79	203	0.27216
135	135	1.0
66	51	0.1882
117	81	0.22495
133	157	0.18984
74	266	0.19457
277	270	0.52241
12	170	0.52241
131	7	0.10751
268	75	0.28974
11	180	0.083305
280	198	0.52241
11	181	0.28609
275	298	0.35848
11	182	0.083305
88	158	0.1097
139	194	0.30285
275	293	0.52241
208	208	1.0
279	249	0.35376
12	172	0.06914
284	147	0.14876
284	145	0.11357
203	263	0.26935
208	210	0.076222
207	225	0.52241
212	121	0.18611
10	194	0.30285
277	277	1.0
277	275	0.52241
269	52	0.33493
276	276	1.0
269	53	0.34135
200	293	0.17379
210	132	0.52241
11	197	0.083305
12	186	0.083305
280	183	0.52241
203	258	0.26584
89	155	0.5609
89	156	0.28963
130	5	0.37443
12	185	0.10741
267	71	0.21062
208	202	0.076222
202	276	1.0
266	91	0.1465
89	146	0.5609
283	153	0.35376
212	111	0.20079
283	151	0.1922
16	130	0.35518
269	59	0.27819
201	280	0.10207
277	293	0.52241
16	149	0.52241
286	147	0.1237
15	159	0.14912
191	311	0.1218
191	310	0.1218
214	116	0.52241
13	183	0.52241
214	113	0.52241
279	276	0.1218
208	230	0.076222
288	125	0.1218
192	308	0.27178
192	307	0.28204
282	197	0.13563
277	298	0.35848
133	6	0.08796
278	280	0.3311
211	152	0.17619
205	269	0.18011
282	182	0.13563
269	75	0.27678
282	180	0.13563
286	135	0.15502
210	151	0.27653
209	209	1.0
285	149	0.29323
281	192	0.13286
204	267	0.1659
89	178	0.5609
17	146	0.37769
190	310	0.06914
284	158	0.11663
89	173	0.38241
279	266	0.52241
208	222	0.28609
18	126	0.25061
278	278	1.0
208	220	0.31502
288	117	0.37132
87	193	0.28869
288	111	0.13563
15	163	0.11275
191	309	0.17472
200	261	0.11898
87	122	0.15436
68	89	0.5609
77	283	0.13087
69	76	0.1218
204	212	0.15646
274	269	0.16161
76	297	0.3311
274	268	0.25611
82	189	0.090221
274	267	0.13415
267	42	0.2425
84	160	0.18512
273	278	0.10064
265	69	0.1218
83	171	0.21364
82	187	0.1762
13	113	0.52241
265	76	0.1218
79	258	0.26584
78	268	0.14568
84	152	0.21781
273	280	0.10536
12	127	0.52241
136	193	0.22023
86	132	0.52241
281	147	0.13563
13	116	0.52241
272	290	0.092567
205	205	1.0
200	264	0.18796
271	291	0.06103
11	152	0.13461
267	38	0.2425
276	230	1.0
204	204	1.0
87	136	0.38415
68	97	0.5609
14	119	0.086104
203	218	0.27216
69	86	1.0
77	292	0.18339
283	108	0.12656
88	122	0.15436
136	189	0.35376
201	249	0.098513
273	273	1.0
201	247	0.15313
202	230	1.0
79	263	0.26935
272	280	0.075606
271	295	0.25497
135	192	0.20298
280	149	0.52241
286	102	0.14451
268	53	0.5609
139	176	0.16787
275	277	0.52241
87	141	0.228
285	116	0.29323
10	176	0.17891
275	275	1.0
268	52	0.41453
88	136	0.38415
285	113	0.29323
84	181	0.1606
284	126	0.11357
275	270	0.52241
283	148	0.19929
207	207	1.0
13	130	0.35518
201	278	0.1064
269	49	0.33173
206	212	0.25511
268	59	0.28974
86	151	0.27653
16	113	0.52241
88	141	0.228
16	116	0.52241
87	158	0.1097
15	125	0.075606
267	57	0.16818
203	237	0.27216
274	274	1.0
203	231	0.26935
266	74	0.19456
283	134	0.1532
265	86	0.1218
283	132	0.19457
264	99	1.0
201	266	0.12616
206	206	1.0
13	149	0.52241
268	49	0.34135
185	22	0.10768
206	197	0.17379
184	36	0.06914
115	311	0.1659
195	207	0.37943
209	157	0.07057
195	213	0.22823
60	314	0.11852
208	175	0.066536
193	234	0.092703
120	209	0.068487
185	12	0.10741
180	71	0.39367
206	182	0.17379
206	180	0.17379
183	35	0.30285
190	258	0.09547
205	192	0.15466
190	257	0.17693
114	312	0.1718
194	217	0.24797
182	50	0.37943
61	311	0.056975
207	178	0.5609
62	306	0.1218
180	76	0.3311
207	173	0.38887
192	269	0.27819
117	311	0.096137
192	268	0.28974
113	16	0.52241
120	238	0.2111
113	13	0.52241
196	216	0.009536
111	38	0.22645
196	213	0.0070985
183	63	0.52241
111	46	0.22645
62	310	0.1218
190	293	0.083305
62	311	0.1218
111	42	0.22645
200	7	0.17379
200	4	0.18796
193	259	0.28869
193	257	0.19622
117	300	0.13016
121	212	0.18611
184	44	0.06914
184	41	0.090449
120	223	0.18339
191	265	1.0
273	4	0.17693
182	76	0.3311
182	71	0.39367
181	84	0.1606
185	37	0.12898
207	195	0.37943
186	311	0.1218
186	310	0.1218
204	180	0.3311
209	120	0.068487
207	146	0.5609
112	310	0.1517
187	308	0.17503
187	307	0.21684
180	42	0.5609
278	182	0.3311
278	180	0.3311
111	310	0.22645
74	7	0.35376
209	104	0.064756
180	38	0.5609
279	160	0.15646
111	311	0.22645
182	38	0.5609
204	197	0.3311
209	137	0.070163
209	143	0.074034
182	42	0.5609
181	55	0.066369
187	313	0.14771
191	223	0.21212
183	16	0.52241
183	13	0.52241
190	234	0.10428
204	182	0.3311
279	185	0.12685
270	7	0.52241
207	156	0.29577
278	197	0.3311
207	155	0.5609
188	302	0.023618
180	50	0.37943
127	215	0.22952
198	252	0.52241
189	59	0.25125
197	267	0.41453
189	60	0.21426
188	76	0.013008
117	31	0.083305
72	213	0.16902
187	82	0.1762
205	7	0.26532
264	307	0.04481
68	306	0.5609
126	218	0.29744
122	260	0.16802
69	309	0.17472
63	35	0.30285
113	63	0.52241
70	257	0.20566
64	21	0.064058
112	76	0.1218
72	225	0.21038
130	130	1.0
120	290	0.075759
196	273	0.0086621
116	35	0.30285
187	78	0.14906
60	60	1.0
73	218	0.17839
265	310	0.1218
115	71	0.10941
132	132	1.0
127	233	0.37132
261	10	0.21853
131	147	0.10979
71	254	0.39367
60	70	0.11335
65	10	0.25895
135	102	0.20169
124	279	0.067453
61	61	1.0
124	272	0.062887
116	63	0.52241
123	284	0.096073
115	76	0.1659
265	311	0.1218
115	63	0.092525
62	62	1.0
127	224	0.083305
62	69	0.1218
264	310	0.04481
121	297	0.38887
197	278	0.3311
126	237	0.29744
130	149	0.35518
131	131	1.0
260	10	0.30285
126	231	0.41453
76	206	0.52241
64	42	0.083305
73	231	0.26625
64	38	0.083305
66	10	0.18702
188	86	0.013008
134	108	0.12971
265	309	0.17472
61	76	0.056975
122	289	0.16051
73	237	0.17839
198	214	0.52241
64	310	0.1218
113	35	0.30285
65	307	0.26664
191	297	0.1218
184	70	0.06914
112	42	0.12575
196	241	0.0077098
187	49	0.14771
