361	196	0.8111948018054888
421	357	0.7329968817300652
67	443	0.9381427059852853
539	792	0.7311108341107269
539	793	0.8104079808779274
425	309	0.6389437431871404
421	350	0.8080815789293819
560	421	0.7752150344370604
63	492	0.6459303681934883
160	740	0.7089704034026478
647	48	0.6249091408424745
133	221	0.910081606019087
385	796	0.9036008741023988
792	336	0.8036011866537396
359	264	0.9235789319955533
420	29	0.980915213647546
687	709	0.668740304976422
385	790	0.8408964152537145
389	744	0.9235789319955533
258	542	0.8127952797244248
790	361	0.8127952797244248
663	115	0.7329968817300652
270	309	0.6593329981888053
421	344	0.6757463285468237
420	359	0.8602806544914777
199	359	0.8080815789293819
544	687	0.8067798302828366
197	34	0.980915213647546
687	700	0.8602806544914777
72	359	0.6876560219336321
691	614	0.7795354575489502
420	350	0.8080815789293819
133	211	0.9170040432046712
643	81	0.6509980380274076
711	443	0.7913838578831089
199	361	0.8080815789293819
258	539	0.757754794630823
691	609	0.7752150344370604
69	424	0.8886450927224068
63	499	0.7993411655468732
158	803	0.7840862368827646
647	372	0.7773488938158333
420	14	0.9036008741023988
71	361	0.7329968817300652
317	707	0.882658890130512
248	691	0.672162112443282
196	397	0.9123367196696422
417	420	0.8080815789293819
121	48	0.7731377071413946
709	502	0.6757463285468237
492	372	0.7869313010765002
642	81	0.7355826385604035
197	20	0.668740304976422
359	237	0.8602806544914777
554	518	0.8177654339579425
778	560	0.7329968817300652
712	420	0.7598347358528301
492	31	0.6967730926836612
647	361	0.7773488938158333
421	339	0.8658143841441651
542	695	0.9588138996728659
160	729	0.7773488938158333
703	573	0.7752150344370604
196	372	0.8111948018054888
122	21	0.8874195313564058
121	31	0.7369076559047278
543	676	0.9170040432046712
492	361	0.7329968817300652
650	281	1.0
518	137	0.882658890130512
63	484	0.8408964152537145
642	77	0.7190089911921524
509	276	0.7840862368827646
778	558	0.8127952797244248
71	343	0.9235789319955533
382	798	1.0
712	419	0.7840862368827646
331	509	0.6834748429486355
620	621	0.7498942093324559
417	482	0.882658890130512
686	766	0.7752150344370604
69	463	0.7840862368827646
396	658	0.6593329981888053
792	389	0.7256998389057147
270	351	0.8177654339579425
687	758	0.7752150344370604
657	262	0.7071067811865476
621	609	0.7329968817300652
429	307	0.882658890130512
389	787	0.942942047540283
718	416	0.882658890130512
423	372	0.668740304976422
790	396	0.8177654339579425
199	51	0.8357856772539496
647	71	0.8248504926144331
655	280	0.8602806544914777
122	81	0.7043920612783159
270	348	0.8177654339579425
687	742	0.8602806544914777
790	51	0.8127952797244248
125	48	0.6757463285468237
121	91	0.8602806544914777
790	53	0.8127952797244248
421	39	0.7752150344370604
546	698	0.8080815789293819
72	48	0.6757463285468237
663	141	0.7598347358528301
428	306	0.9036008741023988
492	81	0.7329968817300652
140	138	0.8099387760963941
131	283	0.809236881954938
420	51	0.8602806544914777
790	385	0.8408964152537145
67	464	0.9235789319955533
709	546	0.9619720005271951
72	361	0.6876560219336321
165	709	0.8080815789293819
127	12	0.980915213647546
686	744	0.942942047540283
121	81	0.7752150344370604
687	733	0.6638874866864138
691	647	0.8248504926144331
620	609	0.6484197773255048
199	385	0.8080815789293819
396	642	0.6378416524597782
214	8	0.8658143841441651
712	462	0.6367584694948073
712	463	0.7634248928964038
319	710	0.8602806544914777
196	81	0.789875685371258
31	802	0.765286392849854
418	450	0.7329968817300652
161	740	0.7410130562283901
420	372	0.8080815789293819
127	357	0.7752150344370604
711	464	0.8177654339579425
319	703	0.882658890130512
131	262	0.7462269326546865
658	225	0.7993411655468732
778	509	0.7222843827750017
185	492	0.6593329981888053
738	183	0.765286392849854
542	635	0.672162112443282
507	250	0.7557140529366451
643	353	0.8513067785460409
51	595	0.9235789319955533
643	359	0.7128347517618364
479	548	0.7939521481469657
642	20	0.7355826385604035
704	508	0.8177654339579425
217	141	0.7888808384594459
540	650	0.8357856772539496
766	686	0.7752150344370604
237	796	0.882658890130512
514	122	0.6593329981888053
536	740	0.8127952797244248
361	117	0.8127952797244248
344	51	0.8177654339579425
115	442	0.8630067105867871
483	462	0.7071067811865476
536	744	0.8602806544914777
636	479	0.6834748429486355
344	389	0.7229562189425532
109	541	0.8080815789293819
47	690	0.8080815789293819
629	591	0.6459303681934883
803	237	0.7017692252162518
248	608	0.9411154912368994
122	302	0.9505804190652317
106	579	0.9462688643913987
643	348	0.8487219444765969
47	691	0.7752150344370604
589	109	0.7329968817300652
344	45	0.8072508255636011
109	548	0.8080815789293819
531	790	0.613237563517304
509	217	0.7292664737217109
636	464	0.8080815789293819
109	544	0.7687280452527601
18	167	0.6117220880533059
235	790	0.672162112443282
642	345	0.7894971074910664
702	507	0.6654707678126904
217	127	0.7840862368827646
189	420	0.8357856772539496
578	275	0.980915213647546
507	238	0.8357856772539496
509	200	0.7292664737217109
639	419	0.7993411655468732
241	686	0.681468250301921
115	420	0.7468267006961234
53	548	0.8080815789293819
39	793	0.9036008741023988
541	621	0.668740304976422
350	264	0.882658890130512
189	429	0.7329968817300652
701	509	0.6593329981888053
189	417	0.9036008741023988
178	589	0.672162112443282
578	262	0.668740304976422
764	686	0.7017692252162518
474	578	0.7711054127039704
178	583	0.8463061263544743
242	657	0.7017692252162518
639	413	0.8672488792828035
468	689	0.8408964152537145
242	663	0.7530803432364729
585	133	0.672162112443282
584	149	0.942942047540283
105	570	0.7981600674273155
185	462	0.6757463285468237
160	705	0.7773488938158333
109	595	0.7752150344370604
196	361	0.8111948018054888
361	150	0.8357856772539496
250	592	0.8080815789293819
653	237	0.7711054127039704
589	162	0.9036008741023988
199	328	0.8080815789293819
589	165	0.7329968817300652
539	756	0.7947039291180729
72	309	0.6484197773255048
117	453	0.9588138996728659
385	742	0.9619720005271951
309	801	0.7355826385604035
117	462	0.7498942093324559
646	350	0.8127952797244248
248	663	0.7190089911921524
643	48	0.6578771870399094
551	526	0.9235789319955533
536	787	0.882658890130512
492	359	0.7625196310946536
803	281	0.7711054127039704
121	27	0.7369076559047278
640	81	0.7795354575489502
361	141	0.8127952797244248
71	325	0.9235789319955533
486	458	0.882658890130512
542	669	0.9381427059852853
703	546	0.8357856772539496
642	51	0.7355826385604035
121	359	0.7752150344370604
117	444	0.8408964152537145
63	457	0.7993411655468732
585	197	1.0
540	686	0.8080815789293819
196	359	0.8111948018054888
121	361	0.8080815789293819
514	158	0.7598347358528301
262	401	0.8080815789293819
541	676	0.8127952797244248
261	415	0.9235789319955533
344	81	0.7229562189425532
250	573	0.7752150344370604
122	338	0.9300868483181676
385	725	0.7329968817300652
217	167	0.7840862368827646
122	333	0.6936113947301731
589	147	0.9036008741023988
544	636	0.7453346013176595
48	691	0.753733525894051
238	795	0.9619720005271951
403	595	0.7993411655468732
585	183	0.7329968817300652
357	229	0.8127952797244248
248	642	0.6378416524597782
642	39	0.7355826385604035
546	605	0.7099183944187994
361	136	0.8408964152537145
492	335	0.8111948018054888
420	309	0.8111948018054888
343	71	0.9235789319955533
55	578	0.8513067785460409
56	568	0.8602806544914777
653	205	0.7711054127039704
544	621	0.6213665825010082
117	420	0.7369076559047278
483	479	0.7498942093324559
540	663	0.7563868244827463
676	806	0.8886450927224068
701	541	0.9036008741023988
357	214	0.8658143841441651
509	236	0.7773488938158333
402	593	0.6523230280495647
772	587	0.8886450927224068
642	372	0.7512448476025466
631	452	0.6757463285468237
212	123	0.8886450927224068
343	325	0.942942047540283
106	500	0.8716844532600401
733	165	0.7274631001239567
755	772	0.8658143841441651
468	642	0.7287467161519112
467	657	0.7071067811865476
241	623	0.7017692252162518
285	145	0.7939521481469657
204	262	0.7752150344370604
18	100	0.7274631001239567
697	591	0.7468267006961234
635	407	0.980915213647546
631	450	0.7369076559047278
730	188	0.8050704027214417
464	679	0.9036008741023988
753	790	0.6795129029542789
464	676	0.7795354575489502
18	117	0.757754794630823
627	532	0.8207327620309357
183	420	0.7752150344370604
754	783	0.8995032169557735
463	687	0.672162112443282
463	686	0.7369076559047278
698	578	0.7329968817300652
51	525	0.882658890130512
167	691	0.8357856772539496
733	154	0.7017692252162518
437	151	0.8658143841441651
733	146	0.7498942093324559
180	466	0.882658890130512
180	462	0.7071067811865476
467	642	0.6367584694948073
344	309	0.7256998389057147
184	415	0.882658890130512
12	155	0.8658143841441651
621	592	0.668740304976422
39	718	0.7329968817300652
698	564	0.9036008741023988
167	686	0.7752150344370604
631	437	0.8658143841441651
474	502	0.632582058038459
468	617	0.8408964152537145
34	778	0.668740304976422
573	250	0.7752150344370604
755	750	0.8602806544914777
236	702	0.6163735256687352
734	122	0.6593329981888053
457	790	0.672162112443282
130	4	0.980915213647546
734	126	0.7993411655468732
180	450	0.668740304976422
130	5	0.9619720005271951
756	748	0.9036008741023988
44	621	0.7410130562283901
718	48	0.7311108341107269
283	131	0.809236881954938
459	754	0.6795129029542789
631	426	0.7071067811865476
277	243	0.6536711238648317
463	666	0.7598347358528301
13	157	0.7840862368827646
281	157	0.7410130562283901
698	559	0.7329968817300652
15	131	0.8046991349561422
623	560	0.7071067811865476
633	401	0.9036008741023988
169	658	0.6776050630371342
573	237	0.7752150344370604
761	630	0.8177654339579425
88	141	0.8027315018734994
789	81	0.7329968817300652
642	320	0.9613804251229012
184	462	0.6459303681934883
802	217	0.7382528143599749
737	159	0.7711054127039704
243	635	0.7563868244827463
737	158	0.7840862368827646
243	633	0.7563868244827463
338	465	0.8453820403821071
764	678	0.7410130562283901
775	504	0.8477089533361918
205	288	0.9619720005271951
468	686	0.7475831952268926
48	627	0.7629025855722444
238	725	0.8080815789293819
738	133	0.7017692252162518
243	620	0.6967730926836612
56	509	0.7222843827750017
733	199	0.7498942093324559
56	507	0.7329968817300652
182	481	0.6834748429486355
756	792	0.7256998389057147
176	593	0.7711054127039704
204	298	0.8357856772539496
635	430	0.8080815789293819
250	507	0.7557140529366451
350	234	0.9036008741023988
18	154	0.7947039291180729
481	421	0.7329968817300652
801	207	0.882658890130512
481	420	0.7752150344370604
108	502	0.6267508396157416
573	292	0.9235789319955533
15	165	0.717735314556266
269	85	0.8177654339579425
241	642	0.6967730926836612
635	422	0.7752150344370604
182	457	0.7939521481469657
764	642	0.5912066255476627
727	287	0.8886450927224068
205	258	0.668740304976422
728	278	0.7598347358528301
100	593	0.6593329981888053
574	262	0.7017692252162518
718	81	0.7329968817300652
772	502	0.7148397874996596
157	786	0.8716844532600401
281	109	0.8357856772539496
327	515	0.9505804190652317
716	361	0.668740304976422
803	5	0.7017692252162518
557	462	0.6484197773255048
262	74	0.8602806544914777
452	790	0.7840862368827646
319	658	0.6564484546204755
396	580	0.8658143841441651
328	507	0.668740304976422
724	222	0.9036008741023988
595	803	0.7711054127039704
261	81	0.7752150344370604
554	492	0.7158621158597871
623	509	0.6920798966795321
614	653	0.7071067811865476
418	396	0.672162112443282
327	507	0.7329968817300652
605	790	0.7128347517618364
802	5	0.6943900348241819
200	217	0.932438891987332
560	372	0.8357856772539496
12	109	0.7329968817300652
417	48	0.703507782745846
716	359	0.668740304976422
155	793	0.910081606019087
557	452	0.9588138996728659
330	432	0.7773488938158333
425	262	0.7369076559047278
423	287	0.8602806544914777
659	155	0.6834748429486355
609	746	0.8602806544914777
614	635	0.7369076559047278
691	560	0.8080815789293819
715	353	0.8801117367933934
560	361	0.8602806544914777
129	258	0.7752150344370604
117	96	0.7004890470819205
712	48	0.6046110251573926
792	287	0.7256998389057147
748	802	0.8753880833468974
133	165	0.7369076559047278
155	790	0.7840862368827646
621	507	0.7329968817300652
165	631	0.7795354575489502
678	794	0.8200681320366731
262	51	0.7752150344370604
67	37	0.9306048591020996
557	438	0.9381427059852853
63	81	0.6876560219336321
714	361	0.7329968817300652
418	377	0.910081606019087
389	686	0.942942047540283
258	483	0.7329968817300652
321	559	0.7369076559047278
417	372	0.8080815789293819
560	350	0.8357856772539496
614	628	0.9170040432046712
715	348	0.8812192104468418
712	39	0.7190089911921524
117	80	0.7795354575489502
560	359	0.8602806544914777
678	790	0.6536711238648317
359	189	0.8080815789293819
712	372	0.6564484546204755
359	199	0.8080815789293819
359	196	0.8111948018054888
433	109	0.7329968817300652
67	48	0.6102393847187542
154	790	0.7840862368827646
259	462	0.698402668832617
718	307	0.7329968817300652
679	778	0.668740304976422
418	363	0.980915213647546
548	578	0.8080815789293819
418	361	0.7752150344370604
130	198	0.980915213647546
167	663	0.7563868244827463
718	39	0.7329968817300652
697	557	0.910081606019087
83	178	0.8177654339579425
698	546	0.8080815789293819
200	262	0.7410130562283901
627	507	0.757239453561233
331	462	0.7711054127039704
204	217	0.6757463285468237
560	81	0.7752150344370604
41	621	0.7128347517618364
81	196	0.789875685371258
614	691	0.7795354575489502
169	643	0.8152442106681211
81	199	0.8080815789293819
614	695	0.8950154234464502
724	268	0.882658890130512
169	642	0.6205096231564527
78	272	0.8177654339579425
464	636	0.8080815789293819
12	144	0.882658890130512
459	733	0.7498942093324559
437	117	0.672162112443282
714	71	0.9235789319955533
167	650	0.8357856772539496
13	136	0.8177654339579425
165	676	0.7795354575489502
418	81	0.7329968817300652
41	635	0.7840862368827646
284	104	0.9036008741023988
559	463	0.7369076559047278
716	48	0.6102393847187542
724	257	0.882658890130512
136	188	0.8550483635616358
459	727	0.8658143841441651
428	254	1.0
333	420	0.7089704034026478
761	609	0.7598347358528301
725	238	0.8080815789293819
753	740	0.6795129029542789
687	698	0.8080815789293819
727	217	0.7453346013176595
426	280	0.8550483635616358
558	462	0.7099183944187994
269	359	0.7128347517618364
559	450	0.980915213647546
718	359	0.8080815789293819
659	183	0.6795129029542789
333	429	0.672162112443282
433	157	0.8177654339579425
328	525	0.980915213647546
730	122	0.6536711238648317
136	165	0.6920798966795321
691	593	0.942942047540283
12	127	0.980915213647546
621	541	0.668740304976422
716	375	0.8477089533361918
732	101	0.8089174279643938
166	641	0.9170040432046712
133	199	0.7369076559047278
557	464	0.8408964152537145
558	450	0.7369076559047278
558	452	0.6757463285468237
262	81	0.7752150344370604
658	183	0.7190089911921524
429	238	0.7329968817300652
609	761	0.7598347358528301
78	262	0.7410130562283901
125	484	0.7598347358528301
72	461	0.8408964152537145
560	540	0.8080815789293819
792	464	0.7256998389057147
653	53	0.7017692252162518
420	481	0.7752150344370604
133	344	0.7243168069100334
661	262	0.7108780460172549
620	709	0.6484197773255048
560	548	0.942942047540283
359	385	0.8357856772539496
525	152	0.7795354575489502
546	789	0.980915213647546
525	157	0.7410130562283901
141	217	0.7888808384594459
650	81	0.7752150344370604
709	640	0.672162112443282
709	642	0.6967730926836612
548	766	0.7329968817300652
357	390	0.882658890130512
522	184	0.7329968817300652
81	328	0.8357856772539496
229	157	0.7888808384594459
704	697	0.7939521481469657
131	15	0.8046991349561422
396	727	0.8716844532600401
545	793	0.7929165875686217
545	794	0.8766541331848818
691	738	0.8111948018054888
357	41	0.7840862368827646
359	372	0.8357856772539496
259	642	0.7722102480868359
136	309	0.6509980380274076
127	450	0.7752150344370604
131	363	0.8111948018054888
131	361	0.7239744378512376
359	29	0.8602806544914777
655	14	0.882658890130512
663	225	0.7939521481469657
72	445	0.8345462955839212
741	5	0.7329968817300652
133	327	0.8886450927224068
133	328	0.7369076559047278
420	463	0.8127952797244248
545	782	0.8453820403821071
545	787	0.7929165875686217
359	361	0.8602806544914777
417	548	0.882658890130512
525	138	0.9036008741023988
413	590	0.7256998389057147
225	182	0.7329968817300652
658	307	0.7190089911921524
509	51	0.7222843827750017
507	79	0.8602806544914777
270	403	0.7329968817300652
691	714	0.9619720005271951
420	450	0.7752150344370604
507	74	0.8602806544914777
127	427	1.0
687	802	0.6943900348241819
803	73	0.8500933406285649
655	337	0.9036008741023988
653	13	1.0
117	592	0.8658143841441651
258	635	0.7329968817300652
359	350	0.8602806544914777
258	636	0.7329968817300652
423	425	0.8658143841441651
778	672	0.765286392849854
702	691	0.7292664737217109
131	344	0.706191895337492
650	51	0.8357856772539496
509	56	0.7222843827750017
399	740	0.6623376993482669
129	479	0.6834748429486355
529	155	0.8127952797244248
426	453	0.7071067811865476
330	635	0.7071067811865476
658	39	0.7190089911921524
69	578	0.7369076559047278
429	426	0.7711054127039704
130	81	0.668740304976422
558	642	0.5839127916147135
136	359	0.7598347358528301
259	691	0.6757463285468237
372	189	0.8602806544914777
81	357	0.8080815789293819
83	342	0.9793341972530246
591	3	0.7071067811865476
372	172	0.9036008741023988
270	469	0.7993411655468732
430	359	0.668740304976422
83	349	0.9170040432046712
620	737	0.672162112443282
426	442	0.8177654339579425
129	464	0.668740304976422
330	624	0.7840862368827646
560	578	0.8357856772539496
81	29	0.8357856772539496
666	237	0.6876560219336321
430	361	0.668740304976422
425	462	0.6484197773255048
269	525	0.7128347517618364
269	524	0.7993411655468732
745	3	0.9036008741023988
418	587	0.882658890130512
709	675	0.980915213647546
71	499	0.9235789319955533
422	481	0.668740304976422
131	48	0.7786602221325374
426	433	0.8177654339579425
421	492	0.7329968817300652
525	183	0.8080815789293819
792	479	0.7410130562283901
425	452	0.9381427059852853
357	81	0.8080815789293819
258	689	0.7329968817300652
557	635	0.672162112443282
133	26	0.6757463285468237
694	725	0.668740304976422
399	724	0.7634248928964038
658	357	0.7190089911921524
718	517	0.9036008741023988
714	560	0.8357856772539496
262	593	0.7752150344370604
663	248	0.7190089911921524
426	429	0.7711054127039704
321	756	0.8658143841441651
518	292	0.9036008741023988
67	599	0.9703039181071883
270	447	0.7256998389057147
425	438	0.9170040432046712
421	481	0.7329968817300652
130	48	0.703507782745846
69	572	0.8716844532600401
131	34	0.7239744378512376
259	657	0.634640063475802
551	693	0.9235789319955533
653	57	0.7190089911921524
259	663	0.6102393847187542
546	798	0.9619720005271951
258	676	0.8658143841441651
694	713	0.8080815789293819
663	242	0.7530803432364729
789	546	0.980915213647546
718	507	0.7752150344370604
418	560	0.7329968817300652
543	740	0.7410130562283901
578	69	0.7369076559047278
593	152	0.8408964152537145
507	373	0.9036008741023988
639	563	0.8963425828312906
486	540	0.668740304976422
56	658	0.7190089911921524
802	31	0.765286392849854
509	350	0.7222843827750017
483	589	0.8080815789293819
403	691	0.7741699987045547
298	151	0.8127952797244248
595	129	0.882658890130512
546	703	0.8357856772539496
251	663	0.6593329981888053
546	709	0.9619720005271951
492	421	0.7329968817300652
703	625	0.6876560219336321
803	358	0.8248504926144331
57	653	0.7190089911921524
122	422	0.7043920612783159
544	721	0.8067798302828366
350	45	0.9036008741023988
63	540	0.7993411655468732
243	790	0.7190089911921524
589	229	0.672162112443282
509	333	0.7311108341107269
225	127	0.7071067811865476
53	698	0.8602806544914777
540	764	0.7017692252162518
701	642	0.6967730926836612
541	750	0.882658890130512
772	686	0.7795354575489502
591	165	0.7071067811865476
636	589	0.7752150344370604
350	380	0.8886450927224068
205	83	0.672162112443282
642	468	0.7287467161519112
481	581	0.9619720005271951
5	165	0.8080815789293819
243	779	0.8137672982726186
204	95	0.8408964152537145
578	397	0.9306048591020996
26	154	0.7840862368827646
766	790	0.7795354575489502
507	358	0.8886450927224068
26	152	0.7410130562283901
197	407	0.9619720005271951
26	144	0.8658143841441651
207	67	0.9235789319955533
635	585	0.980915213647546
479	650	0.7939521481469657
745	157	0.7410130562283901
801	361	0.7329968817300652
242	790	0.7752150344370604
640	487	0.8716844532600401
541	740	0.7795354575489502
99	165	0.6654707678126904
772	674	0.7453346013176595
595	109	0.7752150344370604
591	152	0.6484197773255048
586	253	0.7993411655468732
196	420	0.765286392849854
747	133	0.8177654339579425
350	372	0.7752150344370604
574	81	0.7017692252162518
738	270	0.7598347358528301
642	457	0.7512448476025466
5	179	0.980915213647546
703	601	0.882658890130512
502	51	0.7128347517618364
343	499	0.942942047540283
577	49	0.9690743452088195
47	790	0.672162112443282
26	165	0.7795354575489502
479	636	0.6834748429486355
117	500	0.8950154234464502
298	110	0.9036008741023988
204	81	0.7752150344370604
225	109	0.7071067811865476
350	31	0.7369076559047278
585	250	0.7329968817300652
26	155	0.7840862368827646
241	797	0.8087905030154865
483	552	0.882658890130512
401	686	0.980915213647546
801	350	0.7329968817300652
251	633	0.7410130562283901
241	790	0.6834748429486355
481	578	0.7329968817300652
801	81	0.668740304976422
133	309	0.7382528143599749
653	357	0.7017692252162518
704	663	0.6654707678126904
714	502	0.7410130562283901
72	420	0.6876560219336321
589	287	0.8357856772539496
418	509	0.6593329981888053
650	385	0.9619720005271951
409	663	0.6834748429486355
248	780	0.8177654339579425
778	663	0.7158621158597871
262	536	0.7752150344370604
130	346	0.980915213647546
542	792	0.7292664737217109
56	691	0.8080815789293819
702	686	0.6654707678126904
703	663	0.6536711238648317
189	591	0.7468267006961234
802	65	1.0
62	599	0.8716844532600401
524	122	0.668740304976422
545	744	0.7929165875686217
595	157	0.6757463285468237
778	650	0.7329968817300652
546	733	0.7498942093324559
418	502	0.6757463285468237
262	525	0.7752150344370604
197	462	0.7468267006961234
551	635	0.7329968817300652
792	409	0.6967730926836612
712	509	0.7498942093324559
748	165	0.668740304976422
593	176	0.7711054127039704
650	29	0.7329968817300652
704	642	0.58694121456932
703	658	0.6564484546204755
801	67	0.882658890130512
199	420	0.8080815789293819
131	309	0.7271077167244768
298	165	0.8080815789293819
67	507	0.668740304976422
479	689	0.6834748429486355
540	792	0.7256998389057147
646	450	0.7369076559047278
350	81	0.7752150344370604
509	29	0.7222843827750017
702	663	0.7128347517618364
196	465	0.8980547451986183
197	450	0.882658890130512
229	109	0.7369076559047278
29	154	0.672162112443282
503	96	0.7598347358528301
56	685	0.8602806544914777
420	417	0.8080815789293819
748	152	0.7369076559047278
748	155	0.7795354575489502
748	154	0.7369076559047278
544	740	0.7190089911921524
594	152	0.7206293714642109
594	154	0.6578771870399094
117	543	0.9170040432046712
802	44	0.6739323020714018
540	790	0.7795354575489502
545	725	0.6992305256576715
745	189	0.8080815789293819
421	406	0.9619720005271951
520	144	0.9235789319955533
29	165	0.7329968817300652
703	640	0.8127952797244248
591	189	0.7468267006961234
640	429	0.8127952797244248
200	81	0.6757463285468237
627	663	0.6213665825010082
801	309	0.7355826385604035
44	758	0.7711054127039704
95	152	0.7410130562283901
182	560	0.7498942093324559
53	600	0.8602806544914777
640	426	0.7773488938158333
18	235	0.7752150344370604
344	420	0.7568710990533029
727	380	0.8950154234464502
474	635	0.7017692252162518
464	792	0.7256998389057147
146	181	0.9036008741023988
15	274	0.7993411655468732
205	357	0.7752150344370604
738	217	0.7071067811865476
734	250	0.6795129029542789
699	678	0.7498942093324559
635	512	0.980915213647546
204	372	0.668740304976422
147	162	0.9036008741023988
727	372	0.7369076559047278
283	262	0.7017692252162518
627	642	0.6804834680989561
77	81	0.672162112443282
474	624	0.8550483635616358
698	687	0.8080815789293819
725	51	0.8080815789293819
725	54	0.980915213647546
725	56	0.8080815789293819
204	359	0.7329968817300652
429	53	0.7329968817300652
96	117	0.7004890470819205
633	525	0.8080815789293819
623	686	0.7071067811865476
96	115	0.6644116253945044
204	360	0.8357856772539496
204	361	0.668740304976422
92	165	0.7329968817300652
148	152	0.7128347517618364
574	359	0.7017692252162518
184	522	0.7329968817300652
183	525	0.8080815789293819
426	81	0.7711054127039704
727	361	0.7369076559047278
327	686	0.668740304976422
105	607	0.7960693996035155
241	709	0.681468250301921
51	617	0.9235789319955533
401	605	0.7099183944187994
623	674	0.7190089911921524
203	365	0.8050704027214417
770	607	0.7711054127039704
697	680	0.9036008741023988
203	361	0.7292664737217109
278	359	0.7128347517618364
88	265	0.8137672982726186
350	361	0.7752150344370604
764	790	0.7071067811865476
52	663	0.6795129029542789
242	765	0.8196413852295176
770	679	0.7888808384594459
20	197	0.668740304976422
105	686	0.6019637049036827
585	241	0.681468250301921
772	650	0.672162112443282
109	636	0.8080815789293819
741	183	0.668740304976422
509	307	0.7222843827750017
277	96	0.6733385485672998
278	81	0.7128347517618364
55	635	0.6992305256576715
5	152	0.7795354575489502
277	81	0.668740304976422
502	32	0.6776050630371342
18	277	0.6117220880533059
5	151	0.7369076559047278
51	686	0.7752150344370604
178	684	0.8716844532600401
51	689	0.9235789319955533
633	589	0.7329968817300652
203	81	0.6654707678126904
207	37	0.9306048591020996
26	133	0.6757463285468237
635	551	0.7329968817300652
105	672	0.6117220880533059
27	121	0.7369076559047278
350	359	0.8602806544914777
250	629	0.7557140529366451
250	627	0.8467034451551626
48	758	0.805815028474375
636	544	0.7453346013176595
344	468	0.8164134344986508
183	578	0.9619720005271951
764	775	0.7498942093324559
243	733	0.8515919000399078
51	650	0.8357856772539496
479	605	0.6593329981888053
287	258	0.8357856772539496
217	200	0.932438891987332
629	663	0.7876580337636601
770	663	0.6623376993482669
105	657	0.6147875381609597
629	653	0.7017692252162518
105	663	0.5957751395148556
401	657	0.7071067811865476
47	738	0.8111948018054888
109	614	0.7795354575489502
502	29	0.7128347517618364
18	243	0.7972844596727261
481	546	0.9619720005271951
467	790	0.7369076559047278
541	701	0.9036008741023988
108	625	0.7840862368827646
5	130	0.9619720005271951
243	729	0.8137672982726186
204	48	0.6670876672642677
741	155	0.8408964152537145
627	672	0.6459303681934883
183	560	0.8357856772539496
474	653	0.8408964152537145
105	648	0.7952707287670506
52	650	0.7017692252162518
96	176	0.7410130562283901
242	740	0.8080815789293819
761	790	0.6593329981888053
53	633	0.8080815789293819
48	733	0.743454514873604
635	530	0.7752150344370604
3	151	0.8127952797244248
574	48	0.6231143658502413
503	344	0.7798779352148962
401	642	0.6967730926836612
278	52	0.7840862368827646
53	635	0.7329968817300652
109	602	0.7752150344370604
745	109	0.668740304976422
741	152	0.7369076559047278
697	635	0.8080815789293819
687	796	0.8602806544914777
462	750	0.8027315018734994
165	772	0.8127952797244248
91	111	0.9036008741023988
663	196	0.723406918474003
41	707	0.8325252585949547
433	258	0.7329968817300652
714	499	0.9235789319955533
560	493	0.9235789319955533
725	328	0.8080815789293819
620	658	0.6992305256576715
430	277	0.9235789319955533
180	502	0.7128347517618364
165	763	0.882658890130512
169	715	0.8380199822717906
168	729	0.8263327116631066
663	184	0.7563868244827463
426	26	0.7773488938158333
142	154	0.8230273146135424
142	155	0.7453346013176595
129	45	0.9036008741023988
694	657	0.7071067811865476
168	725	0.7671806770745353
328	617	0.9619720005271951
714	492	0.7329968817300652
270	47	0.7071067811865476
686	790	0.7369076559047278
659	276	0.9450675668278303
420	81	0.8080815789293819
141	152	0.7410130562283901
199	81	0.8080815789293819
129	379	0.9036008741023988
716	461	0.8408964152537145
423	48	0.7311108341107269
462	727	0.8062617601696218
462	725	0.8027315018734994
83	237	0.7795354575489502
270	372	0.7773488938158333
396	686	0.672162112443282
658	270	0.6876560219336321
429	327	0.7752150344370604
333	509	0.7311108341107269
709	581	0.9619720005271951
659	260	0.8080815789293819
792	53	0.7256998389057147
659	262	0.6795129029542789
333	505	0.7677307060071412
319	750	0.8602806544914777
141	155	0.7410130562283901
333	502	0.6757463285468237
647	91	0.8248504926144331
389	792	0.7256998389057147
730	200	0.8050704027214417
686	772	0.7795354575489502
78	344	0.5890399987211682
331	519	0.8111948018054888
267	442	0.8345462955839212
586	2	0.8716844532600401
71	81	0.7752150344370604
725	307	0.9619720005271951
620	635	0.7498942093324559
792	396	0.8309363615501552
790	72	0.8050704027214417
330	524	0.7840862368827646
430	262	0.668740304976422
557	542	0.9381427059852853
718	420	0.7329968817300652
142	133	0.7453346013176595
614	740	0.7840862368827646
663	167	0.7563868244827463
464	766	0.942942047540283
433	293	0.882658890130512
270	91	0.7071067811865476
44	714	0.6411958165340631
146	152	0.7795354575489502
429	39	0.7752150344370604
425	81	0.7369076559047278
100	655	0.821947306697329
468	713	0.8408964152537145
205	324	0.980915213647546
733	243	0.8515919000399078
96	100	0.7164804440360688
633	502	0.7128347517618364
205	330	0.7071067811865476
725	26	0.7369076559047278
277	18	0.6117220880533059
733	238	0.7000667471538572
15	216	0.7919674641393097
559	591	0.6459303681934883
178	602	0.7369076559047278
129	83	0.672162112443282
429	26	0.7795354575489502
697	669	0.910081606019087
727	339	0.8950154234464502
331	580	0.8111948018054888
78	55	0.7043920612783159
180	541	0.882658890130512
91	168	0.6623376993482669
200	36	0.9550752165192865
623	657	0.7840862368827646
444	117	0.8408964152537145
284	223	1.0
183	506	0.9505804190652317
168	753	0.668740304976422
464	745	0.7329968817300652
697	653	0.7017692252162518
725	357	0.8080815789293819
464	740	0.8127952797244248
463	756	0.7795354575489502
621	676	0.7369076559047278
426	396	0.7071067811865476
627	605	0.6180004612062344
200	361	0.7840862368827646
623	650	0.7071067811865476
165	787	0.8080815789293819
694	691	0.7329968817300652
694	689	0.8080815789293819
668	157	0.6876560219336321
200	27	0.8779354995076653
614	792	0.7292664737217109
91	137	0.882658890130512
141	199	0.8127952797244248
83	287	0.8408964152537145
200	359	0.6757463285468237
146	121	0.7329968817300652
620	678	0.6943900348241819
426	388	0.8248504926144331
462	758	0.8027315018734994
166	761	0.7222843827750017
127	81	0.668740304976422
694	672	0.6967730926836612
732	219	0.805815028474375
792	83	0.7711054127039704
429	357	0.8357856772539496
728	309	0.7530803432364729
278	318	0.7773488938158333
56	377	0.8658143841441651
479	48	0.6163735256687352
53	66	0.9036008741023988
703	359	0.7329968817300652
382	581	0.9619720005271951
450	609	0.7752150344370604
122	158	0.672162112443282
63	250	0.6196621154581495
106	80	0.8886450927224068
741	707	0.9036008741023988
309	605	0.7913838578831089
250	48	0.7854974626961347
51	81	0.7752150344370604
701	373	0.9036008741023988
121	178	0.8658143841441651
152	648	0.9170040432046712
197	157	0.6757463285468237
778	344	0.7229562189425532
197	154	0.7369076559047278
602	633	0.7329968817300652
602	636	0.7329968817300652
152	640	0.8463061263544743
56	372	0.668740304976422
647	148	0.7840862368827646
643	183	0.7530803432364729
115	270	0.672162112443282
543	453	0.9170040432046712
740	701	0.7795354575489502
150	655	0.8602806544914777
55	51	0.6992305256576715
643	188	0.8177654339579425
539	544	0.7243168069100334
251	27	0.8779354995076653
676	635	0.7369076559047278
401	81	0.7752150344370604
142	799	0.932438891987332
545	429	0.6389437431871404
778	331	0.6967730926836612
250	40	0.8286056549951747
678	602	0.6509980380274076
307	626	0.980915213647546
542	462	0.7099183944187994
52	84	0.8550483635616358
57	26	0.8286056549951747
542	464	0.8658143841441651
702	359	0.6654707678126904
674	654	0.9381427059852853
403	45	0.8212399376175801
141	790	0.8177654339579425
642	189	0.7512448476025466
250	372	0.7752150344370604
150	642	0.7512448476025466
638	278	0.9381427059852853
529	693	0.9036008741023988
544	433	0.6213665825010082
55	21	0.8477089533361918
545	420	0.7382528143599749
117	235	0.8127952797244248
152	628	0.9170040432046712
121	154	0.7369076559047278
108	44	0.6536711238648317
551	306	0.9235789319955533
542	452	0.9588138996728659
734	801	0.6920798966795321
403	48	0.6536711238648317
674	640	0.8230273146135424
146	733	0.7498942093324559
702	338	0.8137672982726186
643	165	0.6509980380274076
544	421	0.8230273146135424
63	241	0.6920798966795321
643	169	0.8152442106681211
152	609	0.8658143841441651
152	614	0.8716844532600401
91	740	0.672162112443282
56	18	0.7329968817300652
640	199	0.8408964152537145
770	62	0.7498942093324559
636	286	0.9036008741023988
307	604	0.9619720005271951
770	63	0.7711054127039704
197	122	0.7043920612783159
91	743	0.9036008741023988
672	659	0.7128347517618364
178	83	0.8177654339579425
250	368	0.8131680511662575
647	117	0.7128347517618364
146	790	0.8127952797244248
421	152	0.8127952797244248
691	423	0.8080815789293819
778	48	0.703507782745846
160	543	0.7795354575489502
270	115	0.672162112443282
396	418	0.672162112443282
792	144	0.8263327116631066
91	790	0.7795354575489502
309	655	0.8111948018054888
647	183	0.7071067811865476
290	760	0.7952707287670506
678	657	0.6795129029542789
602	676	0.8408964152537145
740	751	0.8408964152537145
147	784	0.8658143841441651
310	586	0.7498942093324559
702	55	0.8302672287519948
691	417	0.7752150344370604
605	635	0.7099183944187994
251	67	0.8716844532600401
682	563	0.8639323161458085
420	150	0.8357856772539496
646	193	0.8716844532600401
546	463	0.7369076559047278
122	196	0.886763148730642
69	229	0.8950154234464502
450	646	0.7369076559047278
122	197	0.7043920612783159
258	339	0.8886450927224068
127	133	0.7369076559047278
109	83	0.7369076559047278
5	709	0.980915213647546
148	764	0.7711054127039704
148	761	0.6876560219336321
317	509	0.6593329981888053
778	379	0.882658890130512
250	81	0.7557140529366451
196	199	0.7355826385604035
790	150	0.8127952797244248
539	580	0.7947039291180729
702	40	0.8177654339579425
150	686	0.7329968817300652
790	146	0.8127952797244248
709	309	0.7355826385604035
403	81	0.7043920612783159
778	29	0.9235789319955533
310	571	0.7453346013176595
711	241	0.6267508396157416
409	359	0.7071067811865476
69	201	0.8716844532600401
778	361	0.7752150344370604
154	640	0.8177654339579425
450	631	0.7369076559047278
418	217	0.8177654339579425
262	238	0.9036008741023988
56	48	0.753733525894051
678	635	0.6509980380274076
53	81	0.7329968817300652
307	658	0.7190089911921524
157	605	0.7158621158597871
790	141	0.8177654339579425
422	122	0.7043920612783159
674	686	0.6757463285468237
492	167	0.7869313010765002
554	301	0.7840862368827646
544	462	0.7017692252162518
704	357	0.7939521481469657
778	14	0.942942047540283
403	71	0.7993411655468732
676	655	0.7369076559047278
122	167	0.7741699987045547
127	109	0.7329968817300652
309	616	0.8111948018054888
55	78	0.7043920612783159
199	141	0.8127952797244248
678	620	0.6943900348241819
450	620	0.7498942093324559
96	725	0.6992305256576715
702	372	0.6654707678126904
121	183	0.7752150344370604
53	93	0.8602806544914777
772	81	0.7369076559047278
184	261	0.942942047540283
183	275	0.9619720005271951
528	646	0.8658143841441651
343	165	0.7329968817300652
105	359	0.6578771870399094
627	40	0.8121051641264512
534	524	0.7190089911921524
666	712	0.7369076559047278
661	771	0.8177654339579425
766	443	0.9381427059852853
534	525	0.6757463285468237
640	141	0.8950154234464502
401	359	0.7329968817300652
635	243	0.7563868244827463
525	674	0.7410130562283901
623	81	0.7773488938158333
631	293	0.8658143841441651
623	87	0.7773488938158333
328	81	0.8357856772539496
627	372	0.7280596355202935
229	676	0.8177654339579425
344	145	0.8164961344053037
51	361	0.8602806544914777
238	526	0.9036008741023988
56	309	0.7355826385604035
237	544	0.7453346013176595
141	725	0.7795354575489502
250	309	0.7345390705144575
661	765	0.804619012426853
789	5	0.942942047540283
48	439	0.8200681320366731
241	450	0.681468250301921
39	589	0.9036008741023988
474	13	0.8408964152537145
185	241	0.6435252169199125
344	133	0.7243168069100334
344	131	0.706191895337492
663	738	0.7410130562283901
633	251	0.7410130562283901
183	250	0.7557140529366451
47	420	0.668740304976422
51	328	0.9036008741023988
525	650	0.8080815789293819
699	42	0.7634248928964038
108	309	0.6484197773255048
632	250	0.6704305643107636
183	248	0.7795354575489502
238	507	0.8357856772539496
243	402	0.6808103793758515
333	294	0.7711054127039704
51	344	0.8177654339579425
627	359	0.757239453561233
633	243	0.7563868244827463
474	333	0.6286392235217642
621	83	0.672162112443282
47	429	0.668740304976422
761	474	0.7498942093324559
328	51	0.9036008741023988
631	262	0.672162112443282
625	379	0.7993411655468732
402	39	0.6876560219336321
674	623	0.7190089911921524
56	333	0.7089704034026478
542	438	0.9793341972530246
344	199	0.7410130562283901
176	96	0.7410130562283901
385	507	0.7329968817300652
703	319	0.882658890130512
402	30	0.8376663233190511
627	81	0.7280596355202935
772	39	0.672162112443282
53	372	0.8080815789293819
676	602	0.8408964152537145
704	309	0.7071067811865476
534	578	0.6757463285468237
108	27	0.8050704027214417
248	420	0.672162112443282
663	790	0.7190089911921524
646	116	0.8950154234464502
492	119	0.8207327620309357
541	445	0.9235789319955533
51	45	0.9036008741023988
109	357	0.7752150344370604
382	546	0.9619720005271951
301	664	0.7598347358528301
52	33	0.8286056549951747
778	309	0.789875685371258
629	48	0.6670876672642677
53	39	0.7752150344370604
703	309	0.765286392849854
122	105	0.6808103793758515
474	397	0.8248504926144331
243	462	0.6943900348241819
483	258	0.7329968817300652
142	753	0.9774670514959272
636	261	0.9036008741023988
401	389	0.942942047540283
372	698	0.8357856772539496
642	150	0.7512448476025466
150	617	0.8602806544914777
100	96	0.7164804440360688
185	273	1.0
105	39	0.7427151271255664
281	803	0.7711054127039704
663	778	0.7158621158597871
105	32	0.7952707287670506
235	590	0.7017692252162518
51	372	0.8080815789293819
121	106	0.8127952797244248
242	467	0.8309363615501552
666	733	0.672162112443282
766	464	0.942942047540283
237	573	0.7752150344370604
402	361	0.7143339802170166
636	258	0.7329968817300652
772	359	0.7795354575489502
55	338	0.8376663233190511
481	250	0.7052859178271615
53	361	0.7752150344370604
142	725	0.7410130562283901
766	462	0.6459303681934883
698	87	0.882658890130512
640	152	0.8463061263544743
53	357	0.7752150344370604
640	154	0.8177654339579425
627	48	0.7629025855722444
141	742	0.8658143841441651
672	614	0.7017692252162518
267	8	0.7993411655468732
401	361	0.7329968817300652
642	131	0.7419543938214688
591	697	0.7468267006961234
697	357	0.8357856772539496
631	217	0.6795129029542789
100	337	0.821947306697329
167	462	0.7071067811865476
623	350	0.7071067811865476
594	663	0.5946035575013605
627	309	0.6670876672642677
26	691	0.7369076559047278
620	34	0.7498942093324559
754	547	0.9170040432046712
750	592	0.9619720005271951
225	658	0.7993411655468732
361	758	0.9036008741023988
761	420	0.6564484546204755
591	691	0.6459303681934883
520	651	0.9036008741023988
29	650	0.7329968817300652
591	694	0.6459303681934883
229	602	0.7795354575489502
591	686	0.7468267006961234
748	650	0.668740304976422
464	433	0.7329968817300652
267	186	0.8021597251769217
217	772	0.7888808384594459
691	71	0.9036008741023988
463	443	0.8572578490519034
180	217	0.6757463285468237
331	262	0.6967730926836612
744	698	0.9036008741023988
689	479	0.6834748429486355
165	481	0.8080815789293819
591	680	0.7773488938158333
687	492	0.6943900348241819
716	183	0.668740304976422
748	642	0.6967730926836612
621	357	0.7752150344370604
589	740	0.7795354575489502
457	548	0.7752150344370604
331	243	0.6757463285468237
694	372	0.7329968817300652
718	154	0.7369076559047278
691	56	0.8080815789293819
744	686	0.942942047540283
99	686	0.6654707678126904
158	598	0.8080815789293819
168	422	0.8500933406285649
747	642	0.7190089911921524
167	436	0.8995032169557735
100	309	0.9211825214361482
217	758	0.7840862368827646
462	439	0.8248504926144331
5	698	0.7329968817300652
463	420	0.8127952797244248
357	806	0.882658890130512
718	152	0.7369076559047278
165	456	0.9619720005271951
694	361	0.7329968817300652
694	353	0.8366164607011487
691	47	0.7752150344370604
41	418	0.8325252585949547
694	359	0.7752150344370604
32	560	0.7369076559047278
330	250	0.723406918474003
595	614	0.672162112443282
214	790	0.7840862368827646
514	736	0.8325252585949547
755	509	0.6593329981888053
750	568	0.9235789319955533
333	216	0.7726217243456014
714	199	0.7752150344370604
361	790	0.8127952797244248
