452	557	0.9628334347759829
725	462	0.5493950745403833
714	154	0.5378203797290577
674	154	0.8846142040667466
602	129	0.5130446399588426
609	527	0.871674646325717
686	450	0.7243669896131794
658	81	0.7256727122984107
217	718	0.6443095316455217
560	152	0.6545664439118322
319	420	0.6795969554370174
605	573	0.6116908849062525
787	165	0.6845117064279559
5	623	0.5206540128366951
182	614	0.9363522291681079
678	589	0.7128788486427726
204	429	0.8572688703166295
623	753	0.8599216803871343
674	142	0.8977944555276135
558	686	0.7000788809727557
635	5	0.7973027703017764
165	401	0.6876560219336321
307	593	0.5995695367820179
20	217	0.6939813260982215
389	462	0.5348836838581175
81	72	0.6564888992507841
429	462	0.652851253759565
802	802	1.0
5	635	0.7973027703017764
452	542	0.969077460046702
738	738	1.0
200	462	0.9731140830247246
691	333	0.6212896542914228
142	266	0.9618522478944277
609	507	0.7810542891757951
657	78	0.7431224275349422
691	325	0.9787470327367852
142	270	0.5630411956262792
450	559	0.985386511843955
738	725	0.5995695367820179
450	558	0.7530348357670543
5	607	0.9152268014106553
270	499	0.9736576049837824
744	605	0.5870193120038382
298	3	0.7547507380816415
131	85	0.7410038857854466
545	39	0.7944601461577689
154	551	0.9529357368276049
158	507	0.5910827477557644
262	154	0.8398406671326056
142	262	0.6691573562205851
633	3	1.0
151	595	0.5526369341599737
141	270	0.6147574081628753
146	692	0.7498942093324559
155	545	0.7547507380816415
668	225	0.6017845808122511
281	796	0.9459261980142291
359	81	0.6459223744509527
558	657	0.8137620087283162
659	372	0.6004624280888846
262	142	0.6691573562205851
691	790	0.6722286329143283
130	81	0.6072904701509274
605	521	0.9148311480420754
658	33	0.7652457304655288
529	155	0.5286475567588714
429	429	1.0
147	671	0.8960814831822785
136	361	0.7174508244896552
732	775	0.9635323375534224
310	481	0.5684317298493936
77	462	0.559479147077581
20	659	0.8766415672790969
92	686	0.5747028755820678
81	372	0.8380027548363328
148	647	0.5995695367820179
686	401	0.9889440080617165
78	450	0.871674646325717
152	560	0.6545664439118322
141	250	0.7572306977789357
661	297	0.9740488318863277
425	462	0.6226780474196193
155	529	0.5286475567588714
182	6	0.9282050990309623
663	270	0.6722286329143283
155	510	0.9395232440087964
330	629	0.9100840233918139
658	361	0.6866190816412836
154	525	0.5460135072781013
703	262	0.5328612872440329
591	3	0.8824730791508416
92	659	0.9905428173090829
152	546	0.5821993837398142
5	5	1.0
141	245	0.8177654339579425
258	689	0.6722286329143283
357	81	0.6482900025003876
47	81	0.6324555320336759
702	270	0.5770828114419825
556	658	0.708511193124427
426	433	0.808070467384033
81	357	0.6482900025003876
382	481	0.9951044332966607
702	262	0.5968335585411494
189	183	0.6920272850319834
714	560	0.6116908849062525
81	350	0.6482900025003876
142	217	0.6097182169357942
262	593	0.6552919979452654
81	359	0.6459223744509527
560	560	1.0
307	529	0.6701920952803824
556	642	0.6286714358264547
676	535	0.7498942093324559
47	92	0.9207777317464305
450	507	0.5793959633094566
310	450	0.6286714358264547
712	582	0.8442547262802941
426	426	1.0
301	593	0.6459223744509527
56	262	0.5776672022437759
709	657	0.6848661007688605
81	328	0.6535901961956704
142	691	0.5644229354442437
790	489	0.9505857659480886
301	109	0.7128788486427726
147	630	0.871674646325717
661	262	0.5690809995478997
732	732	1.0
556	633	0.5740969649535853
702	250	0.7554651292661144
546	798	0.9679829622854508
420	492	0.6795969554370174
165	802	0.6944638731514271
281	742	0.9434126955465354
650	81	0.6345918183822803
148	609	0.7530348357670543
674	540	0.5358751450688771
372	142	0.5644229354442437
766	67	0.797485714886424
307	511	0.993071808379093
142	674	0.8977944555276135
691	738	0.9482669504299693
307	509	0.6250568084843725
385	420	0.6250568084843725
359	372	0.668740304976422
653	41	0.696842048778448
672	560	0.6434923915366734
525	154	0.5460135072781013
47	47	1.0
702	236	0.6448502886017469
251	251	1.0
301	574	0.6655529169643294
47	48	0.5982124963893166
766	59	0.802725681794383
44	76	0.7711054127039704
659	307	0.5810893541775809
359	361	0.6523553530895373
72	446	0.8285963327212625
540	361	0.5968335585411494
109	262	0.5424786591546907
243	389	0.6240451029341468
357	44	0.701733428882002
250	250	1.0
199	460	0.8425665519226356
81	319	0.7382162028484626
48	47	0.5982124963893166
131	344	0.6834407486547186
674	525	0.5378203797290577
775	241	0.6345918183822803
658	319	0.7625279705211517
401	297	0.9838119122848112
13	710	0.6147574081628753
359	350	0.9035907080906115
691	714	1.0
661	231	0.9761811479935245
109	253	0.9774626528073208
133	327	0.8177654339579425
359	359	1.0
702	691	0.6324555320336759
250	245	0.8477208735076623
130	346	0.9743790130426512
402	262	0.5328612872440329
241	386	0.9255464373596486
629	281	0.6162513970963379
691	702	0.6324555320336759
714	509	0.668740304976422
47	361	0.5572632052335307
359	344	0.6795969554370174
338	196	0.9235767512977848
560	507	0.7027722763978119
241	31	0.6195230462056137
481	165	0.5664521547400343
372	585	0.6511039278670918
169	91	0.9087476325188574
141	650	0.6324555320336759
109	236	0.9646786299603094
802	65	0.9708877394990398
47	372	0.5870193120038382
338	183	0.9091378208021926
183	183	1.0
122	465	0.9505857659480886
658	764	0.7355676192915171
778	658	0.6511039278670918
122	462	0.5684317298493936
481	152	0.5424786591546907
702	677	0.8560876406629344
169	81	0.5910827477557644
401	262	0.5740969649535853
125	427	0.9891870085092893
650	29	0.6072904701509274
105	271	0.8177654339579425
361	259	0.6564888992507841
703	658	0.6638082853578614
639	104	0.8500816513994678
350	81	0.6482900025003876
595	151	0.5526369341599737
509	372	0.668740304976422
183	189	0.6920272850319834
661	686	0.9735520863992139
546	733	0.5616353038698604
778	650	0.6089164762976398
229	591	0.5664521547400343
420	420	1.0
712	501	0.8593090064054709
199	420	0.6609029234733607
507	47	0.608107277459544
182	182	1.0
229	589	0.6609029234733607
229	105	0.6180839274663681
712	509	0.7671806770745353
81	758	0.7711054127039704
372	560	0.6116908849062525
55	225	0.6180839274663681
748	165	0.6482900025003876
197	450	0.9078653964817709
507	385	0.6593006850712821
44	44	1.0
629	250	0.6593006850712821
761	56	0.9195243517046433
196	462	0.5644229354442437
298	165	0.6434923915366734
409	636	0.610116336153065
529	529	1.0
238	429	0.5397175770941632
520	144	0.9752308574050025
642	493	0.8285963327212625
703	640	0.5935264669730922
748	154	0.6219865625988505
251	665	0.7256727122984107
468	361	0.6286714358264547
639	563	0.9262321562731931
659	725	0.5810893541775809
802	31	0.6089164762976398
661	661	1.0
483	109	0.5900851248105728
183	167	0.7711054127039704
546	703	0.7055390344269283
702	642	0.5944845534620219
709	5	0.9646786299603094
546	709	0.8912209439780588
81	732	0.6550507711960534
55	203	0.8995110873941277
401	231	0.9863394013722336
509	341	0.8325387863159441
589	237	0.6305833524471807
183	153	0.9381427059852853
529	507	0.6155075755955713
105	229	0.6180839274663681
333	199	0.7976683661673689
492	420	0.6795969554370174
636	589	0.8035954105238209
642	479	1.0
81	702	0.7735457478112927
507	361	0.6381409091487943
372	525	0.6795969554370174
468	344	0.8285963327212625
635	591	0.6336824341001126
47	307	0.5703641927221214
182	159	0.9195243517046433
589	229	0.6609029234733607
462	64	0.9414248232853245
481	581	0.9840779039817431
591	152	0.5451447391473976
39	450	0.7854771364539669
361	690	0.9740488318863277
44	357	0.701733428882002
447	180	0.9416535002898678
703	605	0.9415392103851703
196	420	0.668740304976422
401	686	0.9889440080617165
699	262	0.5623413251903491
319	81	0.7382162028484626
540	750	0.7711054127039704
640	481	0.6004624280888846
44	321	0.7547507380816415
520	580	0.8477208735076623
217	238	0.6280249834588628
525	525	1.0
5	152	0.5572632052335307
250	640	0.6579053068575388
105	686	0.5880537241151285
350	372	0.6722286329143283
142	5	0.5460135072781013
180	154	0.5275564125014254
658	703	0.6638082853578614
463	48	0.6459223744509527
738	270	0.9724924724660731
462	396	0.6109071614469253
372	509	0.668740304976422
122	409	0.7329605919515894
650	790	0.6047928230925936
287	287	1.0
479	636	0.6116908849062525
509	307	0.6250568084843725
741	183	0.5930433342645132
5	165	0.6795969554370174
738	262	0.6710119085610571
593	593	1.0
657	709	0.6848661007688605
44	335	0.7547507380816415
621	288	0.969077460046702
350	359	0.9035907080906115
250	629	0.6593006850712821
241	775	0.6345918183822803
169	361	0.8381749177414194
589	678	0.7128788486427726
766	766	1.0
650	778	0.6089164762976398
359	726	0.9563949075714981
740	183	0.7498942093324559
217	217	1.0
5	130	0.9057082053074589
462	36	0.9680771164244178
803	790	0.6722286329143283
401	661	0.9625398132547811
361	658	0.6866190816412836
401	657	0.7098963845163672
507	319	0.780630531785515
639	507	0.5838371433372921
328	250	0.784113675991159
591	591	1.0
462	20	0.7071067811865476
217	204	0.6695725958784102
640	447	0.8111948018054888
5	142	0.5460135072781013
481	546	0.9679829622854508
753	462	0.6097182169357942
764	764	1.0
225	541	0.9194118592682944
725	81	0.5959017221592747
623	241	0.6384305127789257
48	741	0.6477690766659582
589	657	0.7256727122984107
686	78	0.7976683661673689
650	764	0.5644229354442437
217	200	0.9782521935007817
359	702	0.6459223744509527
217	674	0.6521064098146178
217	676	0.5753043472499467
298	559	0.6286714358264547
32	462	0.5677772270416123
509	758	0.6459223744509527
741	155	0.5358751450688771
361	640	0.6655529169643294
225	540	0.6834407486547186
642	409	0.9724924724660731
790	803	0.6722286329143283
169	330	0.6162513970963379
204	48	0.6535901961956704
330	169	0.6162513970963379
633	556	0.5740969649535853
699	699	1.0
590	100	0.6060506529908591
640	420	0.6333772652073397
298	549	0.8477208735076623
702	5	0.5565106481175784
631	574	0.8177654339579425
34	452	0.5770828114419825
361	631	0.7056825679815438
534	803	0.7223160681686133
650	742	1.0
589	636	0.8035954105238209
623	217	0.608107277459544
520	520	1.0
509	738	0.6535901961956704
3	591	0.8824730791508416
344	420	0.6593006850712821
738	691	0.9482669504299693
169	305	0.9402948023311704
631	565	0.8177654339579425
725	54	0.9897792565737962
558	155	0.8099442429118433
574	361	0.7005328399650098
78	78	1.0
463	315	0.8120031715402733
686	382	0.846080800865648
426	91	0.6622549536735062
591	559	0.829894363156197
802	748	0.9536694788386044
200	64	0.9353581554768857
281	281	1.0
241	711	0.6267179298072044
401	605	0.784113675991159
241	716	0.6622549536735062
463	795	0.8114109187907151
623	686	0.5218495774963797
217	640	0.5977553207443889
429	48	0.701733428882002
509	712	0.7671806770745353
691	270	0.9629148851884612
91	169	0.9087476325188574
509	714	0.668740304976422
333	576	0.8846142040667466
344	403	0.8832504599230729
709	179	0.924684256962935
623	670	0.8637791107024834
738	663	0.6622549536735062
623	674	0.8492605957640954
725	39	0.5690809995478997
333	560	0.6920272850319834
217	623	0.608107277459544
709	165	0.5982124963893166
426	75	0.784113675991159
691	262	0.6395798221672606
389	389	1.0
200	36	0.965047928244392
142	199	0.6305833524471807
591	534	0.5397175770941632
77	77	1.0
147	147	1.0
330	598	0.7071067811865476
396	258	0.7563515197226289
468	713	0.8235003658831624
559	591	0.829894363156197
609	420	0.6535901961956704
709	152	0.5623413251903491
623	658	0.6633670691228927
609	429	0.6655529169643294
691	255	0.9861879227122777
13	225	0.7000788809727557
146	146	1.0
452	452	1.0
623	650	0.7298346613313134
539	77	0.7256727122984107
558	110	0.808070467384033
165	789	0.5677772270416123
165	787	0.6845117064279559
155	462	0.5572632052335307
745	514	0.5753043472499467
401	5	0.815076963895977
141	199	0.640149098964025
631	509	0.6920272850319834
507	702	0.9035907080906115
389	12	0.5810893541775809
574	301	0.6655529169643294
452	438	0.9637429369150203
127	80	0.6593006850712821
155	450	0.7128788486427726
704	197	0.7071067811865476
725	344	0.610116336153065
158	424	0.8477208735076623
72	81	0.6564888992507841
309	452	0.5753043472499467
462	753	0.6097182169357942
92	590	1.0
557	589	0.5534269882838012
732	219	0.985386511843955
733	686	0.6089164762976398
463	741	0.8157549151420477
165	761	0.7903179238728671
450	450	1.0
142	154	0.8389466028535767
158	413	0.8826529005001035
666	152	0.6448502886017469
385	385	1.0
204	775	0.9444983118098628
623	623	1.0
702	199	0.7647565982364611
703	182	0.6017845808122511
614	764	0.8982191459296825
277	789	0.9603837909822135
558	558	1.0
659	276	0.9905428173090829
691	691	1.0
620	653	0.8177654339579425
333	507	0.576494248500145
396	686	0.5925574305977788
146	584	0.696842048778448
602	462	0.890237482716501
447	507	0.8910248587933689
659	262	0.5753043472499467
676	462	0.5722518825326879
142	142	1.0
621	621	1.0
725	307	0.993268522523049
72	72	1.0
790	71	0.6795969554370174
702	180	0.8826529005001035
430	262	0.5358751450688771
20	550	0.8691316183740381
165	748	0.6482900025003876
55	196	0.9381427059852853
92	550	0.942942047540283
433	225	0.6250568084843725
152	452	0.9490623276815439
605	401	0.784113675991159
621	613	0.9601347437780972
141	141	1.0
741	507	0.6004624280888846
269	418	0.7128788486427726
238	81	0.5318295896944989
382	382	1.0
714	462	0.5602043370695193
703	152	0.5747028755820678
674	462	0.6505986069609184
200	309	0.5616353038698604
686	764	0.652851253759565
389	787	0.9962126750730299
429	775	0.8550446226116473
539	345	0.7329605919515894
560	452	0.6109071614469253
699	3	0.8692983390941966
699	5	0.8911369444506821
204	732	0.9381427059852853
238	74	0.9479765607752867
647	71	0.9536694788386044
72	372	0.6834407486547186
307	417	0.6089164762976398
409	122	0.7329605919515894
691	647	0.9119321933790023
281	650	0.9434126955465354
546	698	0.6771389311551275
121	81	0.6564888992507841
81	235	0.6920272850319834
426	797	0.8177654339579425
301	483	0.585971980815851
235	81	0.6920272850319834
141	588	0.8846142040667466
709	546	0.8912209439780588
691	640	0.5977553207443889
199	39	0.7379018673553026
147	523	0.864196496626277
146	539	0.7410038857854466
262	468	0.6530982186712883
686	733	0.6089164762976398
165	709	0.5982124963893166
623	5	0.5206540128366951
657	242	0.6564888992507841
287	0	0.8487101223822536
250	168	0.6834407486547186
262	463	0.8090111525364259
56	142	0.6366789194265114
725	738	0.5995695367820179
131	262	0.5424786591546907
758	81	0.7711054127039704
238	48	0.5397175770941632
402	188	0.9061325595519807
420	29	0.8248553040478455
385	796	0.9170040432046712
359	264	0.942942047540283
429	749	0.8792223740300158
712	451	0.8500816513994678
546	675	0.9782084469890718
31	802	0.6089164762976398
196	55	0.9381427059852853
657	229	0.6195230462056137
125	12	0.9793414308174049
573	703	0.6162513970963379
199	361	0.7795640376102891
281	629	0.6162513970963379
790	361	0.6535901961956704
361	199	0.7795640376102891
72	361	0.6017845808122511
131	252	0.7652457304655288
725	725	1.0
420	14	0.8792223740300158
492	41	0.7410038857854466
262	449	0.9093324762008836
197	391	0.9703023744248485
359	250	0.696842048778448
238	372	0.5838371433372921
429	738	0.6482900025003876
270	790	0.6655529169643294
385	307	0.6459223744509527
270	301	0.6535901961956704
250	141	0.7572306977789357
361	187	0.9505857659480886
105	193	0.7292664737217109
725	714	0.6060506529908591
196	397	0.8995110873941277
402	169	0.9144342932279086
540	240	0.7711054127039704
647	361	0.5880537241151285
420	344	0.6593006850712821
657	686	0.7256727122984107
541	225	0.9194118592682944
703	573	0.6162513970963379
47	276	0.9319423190836715
48	262	0.645387889802759
251	117	0.6920272850319834
725	702	0.7389460298272287
659	659	1.0
650	281	0.9434126955465354
712	420	0.7468517787287459
420	341	0.7939584336158781
81	640	0.7307373706937074
199	333	0.7976683661673689
48	238	0.5397175770941632
657	678	0.8477208735076623
382	798	0.9951044332966607
361	169	0.8381749177414194
401	165	0.6876560219336321
468	285	0.8770179971434217
56	579	0.8807518530862735
509	270	0.6622549536735062
217	196	0.6195230462056137
39	39	1.0
540	225	0.6834407486547186
803	281	0.613237563517304
647	343	0.9228989911626926
81	659	0.6459223744509527
640	81	0.7307373706937074
131	686	0.610116336153065
301	420	0.7452974212265034
251	100	0.8500816513994678
109	109	1.0
81	658	0.7256727122984107
250	119	0.8111948018054888
241	263	0.9255464373596486
650	261	0.9119321933790023
385	742	0.8889047549574188
758	39	0.5770828114419825
154	802	0.6604479117221291
270	741	0.6407148539112952
585	199	0.6047928230925936
142	507	0.6954219841765791
430	635	0.6593006850712821
657	657	1.0
53	117	0.6876560219336321
361	141	0.6613557529024814
127	761	0.6230217841258554
790	790	1.0
420	319	0.6795969554370174
703	546	0.7055390344269283
56	562	0.9170040432046712
468	262	0.6530982186712883
753	81	0.5816462225575831
585	197	0.9724924724660731
71	790	0.6795969554370174
420	301	0.7452974212265034
141	509	0.6412771333701497
250	573	0.6434923915366734
141	507	0.7071067811865476
270	738	0.9724924724660731
197	324	0.9573988417392717
647	325	0.9279943587993232
196	338	0.9235767512977848
361	136	0.7174508244896552
241	241	1.0
738	199	0.5910827477557644
539	722	0.7369531959073568
483	479	0.5925574305977788
238	795	0.9520570461936777
639	459	0.6434923915366734
657	640	0.6855710620745191
242	229	0.7159062210418834
540	674	0.5358751450688771
650	238	0.5218495774963797
426	701	0.7498942093324559
420	778	0.8325387863159441
703	521	0.871674646325717
730	5	0.613237563517304
790	772	0.7993591489472849
589	129	0.6030867070798468
243	686	0.6423914466455649
509	234	0.8177654339579425
540	658	0.701733428882002
481	481	1.0
270	714	0.9629148851884612
131	644	0.7711054127039704
636	479	0.6116908849062525
237	301	0.701733428882002
242	686	0.701733428882002
540	650	0.6030867070798468
48	204	0.6535901961956704
217	142	0.6097182169357942
766	686	0.5944845534620219
585	155	0.6390069762048636
105	105	1.0
225	483	0.8201933504991196
310	709	0.6004624280888846
643	333	0.8830117757456383
589	586	0.6412771333701497
593	499	0.9900476422780152
109	541	0.6920272850319834
41	250	0.668740304976422
509	691	0.668740304976422
359	640	0.5542092254411445
509	689	0.7993591489472849
217	125	0.6545664439118322
217	127	0.6535901961956704
481	462	0.5793959633094566
492	775	0.6390069762048636
361	574	0.7005328399650098
702	507	0.9035907080906115
105	570	0.7215823759566253
764	686	0.652851253759565
790	738	0.6564888992507841
169	262	0.5275564125014254
503	270	0.6434923915366734
359	631	0.6920272850319834
640	361	0.6655529169643294
167	275	0.8550446226116473
32	386	0.8963506495959023
520	462	0.5664521547400343
165	298	0.6434923915366734
361	560	0.7487634179253376
698	155	0.7864217944183363
250	525	0.7128788486427726
361	555	0.9715930498970367
545	4	0.8821427389826216
463	262	0.8090111525364259
242	657	0.6564888992507841
39	793	0.9646786299603094
167	262	0.5415692095816118
199	725	0.7447086392403407
642	320	0.9724924724660731
344	359	0.6795969554370174
802	217	0.5630411956262792
621	175	0.9787470327367852
44	214	0.7913517041455876
250	507	0.5910827477557644
185	452	0.5849113797874445
764	669	0.9190060867932685
204	299	0.9747233670656286
790	714	0.6722286329143283
589	557	0.5534269882838012
643	307	0.7005328399650098
47	659	0.92608245871058
338	462	0.5644229354442437
430	4	0.8970745858333149
168	250	0.6834407486547186
298	467	0.942942047540283
121	758	0.6564888992507841
199	710	0.9147378788166111
591	481	0.9694973211987066
238	725	0.6622549536735062
199	714	0.6523553530895373
420	712	0.7468517787287459
125	708	0.9891870085092893
344	344	1.0
586	589	0.6412771333701497
269	91	0.902467528423322
653	620	0.8177654339579425
642	307	0.6305833524471807
357	621	0.6757890602996504
225	433	0.6250568084843725
589	542	0.559479147077581
764	658	0.7355676192915171
507	677	0.8881327733089629
650	650	1.0
197	736	0.9381427059852853
483	409	0.5910827477557644
635	430	0.6593006850712821
183	462	0.5677772270416123
585	585	1.0
199	702	0.7647565982364611
182	462	0.5510326920166181
657	5	0.6757890602996504
509	644	0.8111948018054888
269	81	0.6305833524471807
100	590	0.6060506529908591
420	702	0.6390069762048636
32	32	1.0
165	262	0.5849113797874445
764	650	0.5644229354442437
621	152	0.5821993837398142
738	593	0.9793414308174049
699	581	0.982389439938659
744	481	0.8431043923193501
462	243	0.608107277459544
287	135	0.8684289358721491
327	133	0.8177654339579425
534	702	0.5451447391473976
650	640	0.6526036331462768
158	39	0.5925574305977788
450	78	0.871674646325717
44	640	0.5510326920166181
238	707	0.9597686545826455
609	368	0.8812070932207169
686	297	0.9948065733062501
631	462	0.5644229354442437
636	409	0.610116336153065
691	199	0.6523553530895373
29	420	0.8248553040478455
241	623	0.6384305127789257
507	658	0.7773270281790644
609	361	0.5849113797874445
509	631	0.6920272850319834
689	258	0.6722286329143283
277	277	1.0
650	623	0.7298346613313134
609	358	0.8230126537820298
697	591	0.5616353038698604
32	355	0.9505857659480886
631	452	0.5747028755820678
39	758	0.5770828114419825
640	307	0.7417147817290325
507	640	0.7986375940473865
503	691	0.6482900025003876
197	704	0.7071067811865476
574	247	0.9601347437780972
389	297	0.956650844933908
39	725	0.5690809995478997
5	450	0.9002435482237406
452	34	0.5770828114419825
698	573	0.6212896542914228
344	307	0.610116336153065
130	5	0.9057082053074589
158	365	0.8995110873941277
764	614	0.8982191459296825
573	250	0.6434923915366734
236	702	0.6448502886017469
167	217	0.5703641927221214
462	217	0.9820634859115823
41	653	0.696842048778448
650	603	0.9119321933790023
5	461	0.9831236010809589
169	658	0.6434923915366734
169	657	0.5959017221592747
155	39	0.8947270920837613
130	4	0.9757068125424417
462	200	0.9731140830247246
462	204	0.666198983498455
643	725	0.7005328399650098
761	635	0.6305833524471807
450	39	0.7854771364539669
154	385	0.5328612872440329
640	758	0.7204719506874667
802	623	0.6116908849062525
605	374	0.9333272749803436
631	416	0.8263374630090867
307	54	0.9965844467186624
698	546	0.6771389311551275
642	727	0.7711054127039704
560	81	0.6004624280888846
462	674	0.6505986069609184
281	151	0.6876560219336321
643	717	0.8893316141594022
330	489	0.7071067811865476
699	534	0.5387748238538156
676	62	0.8177654339579425
281	157	0.7071067811865476
463	658	0.5722518825326879
507	609	0.7810542891757951
389	262	0.5657813953236426
691	142	0.5644229354442437
686	243	0.6423914466455649
165	682	0.6434923915366734
284	593	0.6195230462056137
686	242	0.701733428882002
674	81	0.575901449065324
802	612	1.0
753	753	1.0
686	238	0.6240451029341468
545	199	0.5982124963893166
307	47	0.5703641927221214
204	217	0.6695725958784102
447	445	0.8863711703152168
200	262	0.6257249651451701
447	447	1.0
309	20	0.6593006850712821
559	463	0.5740969649535853
152	47	0.6060506529908591
307	385	0.6459223744509527
659	199	0.5747028755820678
686	231	0.9973760277462791
78	262	0.5338791888406775
642	702	0.5944845534620219
602	39	0.5995695367820179
602	38	0.9552286050397033
5	401	0.815076963895977
204	204	1.0
573	698	0.6212896542914228
462	659	0.7143379312776367
20	462	0.7071067811865476
658	199	0.7215823759566253
623	528	0.8667396804672552
658	196	0.6876560219336321
152	34	0.5900851248105728
712	81	0.6180839274663681
585	507	0.5900851248105728
640	725	0.7498942093324559
389	243	0.6240451029341468
725	238	0.6622549536735062
269	353	0.9228989911626926
764	5	0.6957393114611784
385	281	0.9251376029163276
429	238	0.5397175770941632
450	346	0.9724924724660731
152	385	0.6814462706456124
546	165	0.5534269882838012
447	420	0.6017845808122511
558	462	0.5684317298493936
262	74	0.9097693874040638
389	231	0.9584459426009672
333	417	0.8970745858333149
344	725	0.610116336153065
803	5	0.5910827477557644
389	229	0.6574355410107103
546	152	0.5821993837398142
319	658	0.7625279705211517
621	537	0.9774626528073208
676	369	0.7598261872899608
658	180	0.7711054127039704
557	462	0.6296324740065353
430	179	0.8963506495959023
657	199	0.6821762656900224
738	509	0.6535901961956704
558	450	0.7530348357670543
657	197	0.6390069762048636
12	591	0.5753043472499467
277	675	0.9416154144435058
165	643	0.6060506529908591
452	309	0.5753043472499467
574	658	0.6212896542914228
640	702	0.8228170011259026
344	713	0.8509745790901058
686	686	1.0
385	262	0.5307836892050525
545	155	0.7547507380816415
429	219	0.8469236151499038
270	270	1.0
330	434	0.7128788486427726
81	172	0.8881327733089629
462	623	0.6240451029341468
205	635	0.985386511843955
155	793	0.9123367196696422
200	217	0.9782521935007817
659	152	0.5630411956262792
539	262	0.5415692095816118
307	344	0.610116336153065
560	372	0.6116908849062525
450	310	0.6286714358264547
429	204	0.8572688703166295
787	389	0.9962126750730299
672	393	0.8177654339579425
605	789	0.6124676418078845
605	309	0.6305833524471807
733	546	0.5616353038698604
529	74	0.9651921673916674
262	48	0.645387889802759
200	200	1.0
658	152	0.7038004843984218
200	686	0.5415692095816118
714	361	0.5838371433372921
709	461	0.9536694788386044
691	560	0.6116908849062525
686	661	0.9735520863992139
307	333	0.5959017221592747
560	361	0.7487634179253376
167	609	0.6655529169643294
248	152	0.585971980815851
686	657	0.7256727122984107
157	764	0.7498942093324559
727	642	0.7711054127039704
672	385	0.6482900025003876
657	162	0.9195243517046433
621	507	0.5849113797874445
359	199	0.613237563517304
462	602	0.890237482716501
309	309	1.0
270	255	0.9739285715110153
154	306	0.9211780799581593
657	158	0.6434923915366734
262	32	0.5905854108221593
709	450	0.9091378208021926
81	121	0.6564888992507841
78	686	0.7976683661673689
730	559	0.6593006850712821
725	659	0.5810893541775809
657	155	0.9736576049837824
155	764	0.5880537241151285
270	236	0.6593006850712821
270	238	0.5827488902101892
417	361	0.8444589930499622
529	48	0.614379908239306
382	262	0.5609230146504767
154	773	0.9327994314654705
602	316	0.9479765607752867
389	661	0.9734012065527713
560	333	0.6920272850319834
307	307	1.0
146	437	0.7329605919515894
450	764	0.6769472427712399
546	581	0.9746635405573367
372	72	0.6834407486547186
141	492	0.8270007715120976
712	361	0.5821993837398142
672	361	0.6030867070798468
602	792	0.5900851248105728
91	426	0.6622549536735062
658	121	0.7128788486427726
199	279	0.8514763907849331
659	590	0.9905428173090829
790	270	0.6655529169643294
725	640	0.7498942093324559
725	643	0.7005328399650098
605	744	0.5870193120038382
409	483	0.5910827477557644
78	657	0.7431224275349422
309	754	0.7159062210418834
430	110	0.9035907080906115
5	803	0.5910827477557644
672	349	0.9170040432046712
155	741	0.5358751450688771
91	439	0.9206440111364282
396	519	0.9665787581189639
80	127	0.6593006850712821
573	605	0.6116908849062525
199	260	0.8489070069629807
152	779	0.956923317520722
67	361	0.6902015076774105
529	372	0.5307836892050525
714	325	0.9787470327367852
429	640	0.5534269882838012
560	310	0.613237563517304
47	199	0.5651050227678692
238	270	0.5827488902101892
269	743	0.8995110873941277
72	257	0.8408964152537145
560	796	0.8305380862305862
551	462	0.6552919979452654
125	262	0.5397175770941632
117	53	0.6876560219336321
270	691	0.9629148851884612
81	590	0.6495796453447544
732	504	0.9787470327367852
657	597	0.9274872110731569
91	402	0.9170040432046712
714	790	0.6722286329143283
710	13	0.6147574081628753
529	361	0.563735028875381
262	344	0.5870193120038382
152	764	0.8689312575500717
691	503	0.6482900025003876
141	462	0.5534269882838012
450	730	0.668740304976422
686	605	0.7780535732689645
359	141	0.6412771333701497
238	262	0.8810858567646674
385	672	0.6482900025003876
650	199	0.7421188764918929
691	509	0.668740304976422
420	250	0.6722286329143283
372	47	0.5870193120038382
154	748	0.6219865625988505
647	270	0.9170040432046712
77	660	0.9712255092199145
657	589	0.7256727122984107
127	217	0.6535901961956704
165	5	0.6795969554370174
122	275	0.985386511843955
709	401	0.7773270281790644
764	199	0.6223329772884784
241	186	0.9255464373596486
131	131	1.0
650	180	0.6977776253801975
725	604	0.9965844467186624
243	152	0.576494248500145
605	716	0.9170040432046712
546	546	1.0
545	559	0.8684289358721491
425	658	0.7305124244926016
674	773	0.8809341467944696
659	550	0.9481399815554042
542	589	0.559479147077581
775	492	0.6390069762048636
236	270	0.6593006850712821
307	741	0.6093182696778675
382	699	0.9901816443810012
417	307	0.6089164762976398
507	199	0.7598261872899608
605	703	0.9415392103851703
130	130	1.0
560	764	0.6324555320336759
385	650	0.8889047549574188
429	609	0.6655529169643294
787	787	1.0
545	545	1.0
426	640	0.5549838095152887
270	663	0.6722286329143283
154	714	0.5378203797290577
450	709	0.9091378208021926
229	389	0.6574355410107103
712	788	0.8137620087283162
658	556	0.708511193124427
541	109	0.6920272850319834
382	686	0.846080800865648
77	641	0.9724924724660731
507	196	0.6795969554370174
125	217	0.6545664439118322
307	725	0.993268522523049
372	359	0.668740304976422
479	483	0.5925574305977788
196	262	0.5387748238538156
47	152	0.6060506529908591
450	702	0.5747028755820678
525	372	0.6795969554370174
309	703	0.6366789194265114
154	718	0.6162513970963379
238	238	1.0
658	540	0.701733428882002
702	450	0.5747028755820678
250	480	0.81280594695911
270	647	0.9170040432046712
657	558	0.8137620087283162
372	350	0.6722286329143283
790	691	0.6722286329143283
595	78	0.5451447391473976
674	753	0.9259111681112906
764	159	0.9274024974364307
764	157	0.7498942093324559
141	420	0.6286714358264547
529	795	0.9406021888397668
534	695	0.968578192241029
199	691	0.6523553530895373
661	462	0.5387748238538156
650	154	0.5241847198320906
109	483	0.5900851248105728
534	699	0.5387748238538156
238	217	0.6280249834588628
633	87	1.0
702	447	0.8620246364801055
251	462	0.5664521547400343
764	155	0.5880537241151285
764	152	0.8689312575500717
78	607	0.8874137630674416
125	686	0.6030867070798468
78	601	0.8972349065796721
507	168	0.6482900025003876
238	691	0.5348836838581175
241	139	0.8963506495959023
509	141	0.6412771333701497
238	693	0.9471016361771188
529	307	0.6701920952803824
525	350	0.8995110873941277
650	141	0.6324555320336759
359	575	0.8995110873941277
778	420	0.8325387863159441
225	55	0.6180839274663681
647	691	0.9119321933790023
802	165	0.6944638731514271
758	250	0.6345918183822803
152	703	0.5747028755820678
301	772	0.7498942093324559
643	262	0.5770828114419825
71	663	0.6876560219336321
262	753	0.700381749053532
714	725	0.6060506529908591
298	78	0.8270007715120976
468	145	0.8408964152537145
372	328	0.6795969554370174
509	131	0.7329605919515894
238	686	0.6240451029341468
545	505	0.871674646325717
55	462	0.5657813953236426
481	382	0.9951044332966607
802	154	0.6604479117221291
702	420	0.6390069762048636
130	559	0.9774626528073208
196	217	0.6195230462056137
507	142	0.6954219841765791
714	714	1.0
631	81	0.6324555320336759
197	686	0.5995695367820179
72	653	0.784113675991159
560	714	0.6116908849062525
761	165	0.7903179238728671
122	203	0.927041858890907
199	657	0.6821762656900224
199	658	0.7215823759566253
657	510	0.9550734920727739
344	285	0.8917795292374964
525	328	0.9381427059852853
701	426	0.7498942093324559
420	658	0.6286714358264547
658	507	0.7773270281790644
338	55	0.9793414308174049
789	709	0.8766415672790969
507	141	0.7071067811865476
790	650	0.6047928230925936
262	741	0.9529357368276049
72	624	0.9170040432046712
109	445	0.7864217944183363
262	738	0.6710119085610571
502	196	0.696842048778448
540	540	1.0
129	602	0.5130446399588426
199	650	0.7421188764918929
520	380	0.8477208735076623
420	640	0.6333772652073397
238	657	0.5821993837398142
167	183	0.7711054127039704
250	432	0.9809094915062311
590	81	0.6495796453447544
507	121	0.6017845808122511
169	169	1.0
238	650	0.5218495774963797
199	640	0.7913517041455876
199	643	0.7598261872899608
640	262	0.6026548500578722
344	262	0.5870193120038382
712	712	1.0
250	420	0.6722286329143283
196	674	0.5338791888406775
401	462	0.5460135072781013
753	266	0.9011273932024004
643	217	0.5518388937430624
790	627	0.7189724952217349
197	657	0.6390069762048636
792	602	0.5900851248105728
640	250	0.6579053068575388
525	781	0.9170040432046712
29	14	0.8995110873941277
225	13	0.7000788809727557
131	509	0.7329605919515894
761	127	0.6230217841258554
647	647	1.0
753	262	0.700381749053532
47	550	0.9548318541694027
593	366	0.985386511843955
262	702	0.5968335585411494
196	658	0.6876560219336321
298	360	0.9306048591020996
217	481	0.5810893541775809
29	29	1.0
167	167	1.0
167	154	0.5433775596891345
121	658	0.7128788486427726
591	382	0.968453093335369
593	361	0.5793959633094566
764	560	0.6324555320336759
483	301	0.585971980815851
591	34	0.6655529169643294
32	262	0.5905854108221593
591	39	0.8235003658831624
48	529	0.614379908239306
463	138	0.8536903765879016
165	165	1.0
420	609	0.6535901961956704
507	560	0.7027722763978119
699	481	0.9916473533807632
741	74	0.9222838116156815
738	499	0.9703023744248485
650	540	0.6030867070798468
529	707	0.9531632702010927
217	462	0.9820634859115823
20	81	0.6250568084843725
636	301	0.6030867070798468
47	507	0.608107277459544
631	361	0.7056825679815438
338	338	1.0
686	199	0.6223329772884784
481	310	0.5684317298493936
481	798	1.0
20	88	0.8745187679758919
631	359	0.6920272850319834
361	415	0.9523212497266492
361	417	0.8444589930499622
643	658	0.5944845534620219
591	12	0.5753043472499467
402	402	1.0
5	23	0.9902352096975786
157	281	0.7071067811865476
614	152	0.9061325595519807
459	204	0.6366789194265114
758	640	0.7204719506874667
382	5	0.8905473904190541
725	199	0.7447086392403407
39	657	0.8967533413606585
5	382	0.8905473904190541
642	658	0.6482900025003876
361	402	0.7572306977789357
803	534	0.7223160681686133
643	643	1.0
507	541	0.8995110873941277
401	401	1.0
361	403	0.6697795416152738
183	338	0.9091378208021926
167	126	0.871674646325717
167	122	0.8630102165279936
640	677	0.8341955252233204
92	92	1.0
738	462	0.5572632052335307
372	702	0.6324555320336759
29	778	0.9646786299603094
182	336	0.93177843225163
741	48	0.6477690766659582
642	640	0.5565106481175784
165	120	0.9665787581189639
509	509	1.0
642	642	1.0
753	674	0.9259111681112906
593	301	0.6459223744509527
534	6	0.9353182383462159
593	307	0.5995695367820179
452	262	0.5630411956262792
623	462	0.6240451029341468
635	761	0.6305833524471807
507	529	0.6155075755955713
31	241	0.6195230462056137
468	509	0.704383344040268
640	650	0.6526036331462768
640	657	0.6855710620745191
39	602	0.5995695367820179
623	450	0.5307836892050525
287	462	0.5602043370695193
91	91	1.0
463	559	0.5740969649535853
640	640	1.0
741	361	0.5703641927221214
605	262	0.5318295896944989
481	744	0.8431043923193501
32	217	0.5703641927221214
591	798	0.9694973211987066
269	269	1.0
507	507	1.0
463	546	0.5328612872440329
165	579	0.8215372551229038
725	142	0.6593006850712821
725	141	0.6834407486547186
333	333	1.0
459	639	0.6434923915366734
686	131	0.610116336153065
33	658	0.7652457304655288
154	262	0.8398406671326056
20	20	1.0
631	301	0.6795969554370174
330	361	0.6511039278670918
732	497	0.9715930498970367
462	551	0.6552919979452654
20	361	0.585971980815851
574	582	0.9787470327367852
462	557	0.6296324740065353
738	429	0.6482900025003876
574	574	1.0
78	179	0.889587042922094
309	251	0.9774626528073208
682	165	0.6434923915366734
633	744	0.9592678614562175
633	745	0.9052573668652667
277	591	0.9459261980142291
277	593	0.6315242985575108
426	169	0.6775211722297212
574	565	1.0
686	591	0.8375280260690594
183	740	0.7498942093324559
183	741	0.5930433342645132
142	81	0.6426679226822404
753	623	0.8599216803871343
5	764	0.6957393114611784
277	581	0.9390581712658189
151	281	0.6876560219336321
593	738	0.9793414308174049
154	238	0.9447404455774908
333	786	0.8835481816295804
141	81	0.6060506529908591
333	307	0.5959017221592747
168	507	0.6482900025003876
787	297	0.9531457811271964
29	724	0.8177654339579425
330	330	1.0
452	686	0.6013461208788474
155	698	0.7864217944183363
714	270	0.9629148851884612
560	270	0.6089164762976398
158	657	0.6434923915366734
152	248	0.585971980815851
741	307	0.6093182696778675
385	152	0.6814462706456124
605	686	0.7780535732689645
716	241	0.6622549536735062
396	462	0.6109071614469253
385	154	0.5328612872440329
709	23	0.9557786944538473
676	249	0.7993591489472849
718	217	0.6443095316455217
691	462	0.5602043370695193
154	691	0.5378203797290577
158	645	0.9324327727318484
560	261	0.8263374630090867
418	269	0.7128788486427726
259	361	0.6564888992507841
152	243	0.576494248500145
686	558	0.7000788809727557
309	200	0.5616353038698604
167	507	0.5944845534620219
450	686	0.7243669896131794
142	56	0.6366789194265114
420	199	0.6609029234733607
20	309	0.6593006850712821
199	199	1.0
154	686	0.5740969649535853
714	255	0.9861879227122777
539	146	0.7410038857854466
631	714	0.6511039278670918
787	262	0.5651050227678692
270	141	0.6147574081628753
420	196	0.668740304976422
155	678	0.8442547262802941
142	31	0.8586569424582612
452	648	0.9603837909822135
182	703	0.6017845808122511
602	217	0.8907161133136625
702	81	0.7735457478112927
730	450	0.668740304976422
78	595	0.5451447391473976
78	110	0.9045781482585732
663	71	0.6876560219336321
560	232	0.8472830313819817
676	217	0.5753043472499467
560	238	0.5770828114419825
5	730	0.613237563517304
309	665	0.7128788486427726
546	481	0.9679829622854508
319	507	0.780630531785515
91	353	0.9123367196696422
672	268	0.871674646325717
647	199	0.6017845808122511
301	270	0.6535901961956704
262	262	1.0
609	609	1.0
142	372	0.5644229354442437
141	388	0.8177654339579425
5	702	0.5565106481175784
147	793	0.871674646325717
269	658	0.6267179298072044
450	657	0.7148633744255936
5	709	0.9646786299603094
155	657	0.9736576049837824
602	200	0.8957307185550004
452	631	0.5747028755820678
204	507	0.5810893541775809
678	657	0.8477208735076623
744	709	0.7773270281790644
529	270	0.6312117397300414
741	741	1.0
269	640	0.6004624280888846
333	717	0.8846142040667466
197	197	1.0
787	231	0.9548836697639724
676	676	1.0
309	640	0.5510326920166181
270	593	0.9834471059156332
546	463	0.5328612872440329
281	420	0.6230217841258554
709	310	0.6004624280888846
714	691	1.0
154	640	0.6599906949868962
122	183	0.8963506495959023
560	691	0.6116908849062525
141	359	0.6412771333701497
152	666	0.6448502886017469
674	217	0.6521064098146178
250	81	0.6345918183822803
307	658	0.6482900025003876
307	659	0.5810893541775809
262	238	0.8810858567646674
262	239	0.9064064022359822
711	241	0.6267179298072044
141	361	0.6613557529024814
196	196	1.0
778	29	0.9646786299603094
129	589	0.6030867070798468
56	56	1.0
623	802	0.6116908849062525
647	163	0.9505857659480886
703	374	0.9027748213389314
559	730	0.6593006850712821
659	462	0.7143379312776367
602	657	0.5703641927221214
199	141	0.640149098964025
152	659	0.5630411956262792
674	686	0.5977553207443889
152	658	0.7038004843984218
709	789	0.8766415672790969
725	511	0.993071808379093
77	566	0.961556520692179
545	450	0.878512512377174
778	14	0.9170040432046712
560	672	0.6434923915366734
238	154	0.9447404455774908
402	91	0.9170040432046712
420	141	0.6286714358264547
122	167	0.8630102165279936
702	372	0.6324555320336759
55	397	0.9108312511415659
674	674	1.0
307	640	0.7417147817290325
152	648	0.9748130586607877
307	642	0.6305833524471807
81	447	0.8055995258557623
307	643	0.7005328399650098
301	237	0.701733428882002
790	128	0.9588155775768458
741	707	0.9217763279999731
605	605	1.0
430	450	0.9054078210075011
529	239	0.969512847191364
270	560	0.6089164762976398
310	560	0.613237563517304
39	199	0.7379018673553026
602	633	0.5534269882838012
702	361	0.6779019096813609
647	148	0.5995695367820179
382	581	0.9797170617918353
262	691	0.6395798221672606
117	251	0.6920272850319834
714	663	0.6795969554370174
250	41	0.668740304976422
643	199	0.7598261872899608
639	284	0.9764029385159798
200	509	0.5651050227678692
125	127	0.9891870085092893
55	55	1.0
125	125	1.0
309	605	0.6305833524471807
142	307	0.6593006850712821
39	162	0.9752308574050025
152	628	0.9607647875142544
643	184	0.8792223740300158
372	250	0.6535901961956704
77	513	0.9646786299603094
702	359	0.6459223744509527
790	598	0.9170040432046712
262	200	0.6257249651451701
674	658	0.5753043472499467
152	621	0.5821993837398142
560	640	0.6926829274238643
534	591	0.5397175770941632
196	154	0.5415692095816118
539	539	1.0
787	661	0.9778287357314809
672	672	1.0
525	262	0.5433775596891345
430	430	1.0
657	450	0.7148633744255936
525	264	0.8995110873941277
250	372	0.6535901961956704
56	377	0.9078653964817709
251	363	0.7256727122984107
152	614	0.9061325595519807
709	744	0.7773270281790644
307	604	0.9965844467186624
372	238	0.5838371433372921
525	250	0.7128788486427726
361	67	0.6902015076774105
540	477	0.784113675991159
640	199	0.7913517041455876
122	122	1.0
712	658	0.6147574081628753
602	602	1.0
714	631	0.6511039278670918
270	529	0.6312117397300414
