591	26	0.8265415902006061
650	540	0.9293289949733045
609	270	0.8793638660997466
95	81	0.7403148534497899
464	129	0.8565356347180688
756	207	0.9329539405102981
27	350	0.7888348110124429
609	278	0.9674434800168576
62	740	0.8778764076489357
169	122	0.879290064035267
592	368	0.975034051267843
586	479	0.8603093271683157
591	34	0.8568456770464093
5	382	0.8445202056929504
745	381	0.9882735933182812
26	26	1.0
130	509	0.7796996928338661
70	606	0.9967354418598382
357	524	0.9256624020634724
290	81	0.8083978092607081
29	340	1.0
463	122	0.8783018690499949
640	691	0.8825869957802243
121	638	1.0
95	92	0.9606042353353327
686	197	0.8670658087720035
586	464	0.7832875637020071
63	733	0.7620348484873418
95	95	1.0
686	196	0.868974696511701
32	263	1.0
32	262	0.8905727131215397
158	284	1.0
591	361	0.8327955211291644
740	84	0.8932067171185496
642	679	0.9792676309064132
27	27	1.0
169	113	1.0
592	358	0.975034051267843
803	552	1.0
169	111	1.0
592	357	0.8084255074921912
492	620	0.9140198122105506
481	798	0.982087604098535
197	621	0.9737419622544317
165	165	1.0
589	433	0.865680651997607
803	559	0.8029524463053209
26	38	0.985889998933693
492	629	0.9694305395899908
33	262	0.8696277872950925
121	666	0.8683718775753443
711	711	1.0
167	167	1.0
647	642	0.881639561329021
32	272	1.0
756	229	0.8070940408321631
761	127	0.815864061193763
756	225	0.8087463225049746
492	658	0.8820645319025687
357	540	0.8535768413394212
748	361	0.8272179052570853
647	647	1.0
165	191	0.9729324358366486
790	629	0.9820081402815724
197	658	0.8220754625709246
225	357	0.8485287057632375
197	657	0.8634162307449488
125	629	0.8434218303186362
614	185	0.8631538743486279
595	335	0.920402970877254
463	144	0.9476509476464039
29	361	0.8204983231494405
34	262	0.7676670757610929
591	39	0.9309765809469055
646	646	1.0
747	361	0.8251292315502484
492	646	0.8754800740337361
196	650	0.8971868314091435
593	361	0.8412071447556526
457	262	0.8465952148752941
483	792	0.7353474480462416
447	79	0.949130800908713
169	137	1.0
298	360	0.905955498429002
44	108	0.8362411374513672
462	165	0.843557619558544
803	578	0.9772851234283965
507	586	0.8833726107864771
287	479	0.8484852832746912
317	152	0.7839283314274437
91	91	1.0
745	330	0.8331145407253441
593	307	0.8319919437617084
183	790	0.8894139750664422
32	217	0.7908489178611793
509	509	1.0
614	135	0.9360269868429156
343	687	1.0
344	672	0.8777425705383026
740	51	0.9474103280108933
633	790	0.8363372626534429
740	52	0.984703099445641
189	727	1.0
642	642	1.0
642	640	0.9722613132842736
578	578	1.0
185	777	0.948685105467394
483	740	0.8911033291148216
642	647	0.881639561329021
161	161	1.0
343	672	0.8418554050680553
635	750	0.8388568286169961
27	327	0.9741569774308128
18	474	0.7644456780618915
640	658	0.8385399441349981
586	420	0.8579319919536105
605	270	0.8378648460279732
741	372	0.8290986880669466
636	740	0.8764340475775665
614	122	0.8202233830275286
802	526	0.9680049373190718
350	554	0.988862914947534
146	81	0.8280075440703981
92	92	1.0
483	735	1.0
584	450	0.8446629145325504
99	359	0.848426045710258
92	95	0.9606042353353327
345	658	0.9619851177607891
577	577	1.0
747	309	0.8139364367465737
593	301	0.8546661951973868
99	361	0.8557496350569737
614	152	0.8266458910621619
197	607	0.9760641963599601
744	369	0.8878772726643471
462	127	0.8738941043188658
167	122	0.8874195313564058
158	270	0.8825869957802243
509	525	0.8835779152092571
459	204	0.7860179137967567
686	180	0.8704129358264691
650	525	0.9314973065344211
317	178	0.9914430652862639
3	381	0.988281738642901
447	41	0.9556980388174117
592	344	0.8657972470759066
593	331	0.8349225577116508
382	5	0.8445202056929504
802	554	0.8435699564507249
31	250	0.8947243688775788
591	12	0.8298759196246933
643	658	0.8563025863545045
593	338	0.8534063400092816
197	614	0.7913581356247347
361	417	0.9629083709300028
462	131	0.8452645105255722
503	580	0.9809123526060961
338	790	0.8892946764142061
99	29	0.8581801961395321
345	671	0.9840611193884817
317	165	0.8030511522465397
158	262	0.8271896060817643
184	792	0.7860583672801575
167	117	0.8977013667717212
687	165	0.8357637363028365
802	546	0.8542752977800253
26	361	0.8206480190985238
29	322	1.0
225	307	0.9808866006040617
462	125	0.8755403071277296
197	601	0.9737419622544317
803	534	0.8178931399841237
643	643	1.0
277	593	0.8170939619510059
20	359	0.8606242859574115
92	388	0.9640921451527416
679	243	0.8462337460971423
444	18	0.8373029515263228
574	574	1.0
3	321	0.8140103575305212
277	590	0.8158328870364226
578	524	0.8924105702469562
277	591	0.9397880022580627
633	744	0.9296647328103677
633	745	0.9270758432326204
343	647	1.0
96	338	0.8207975241470888
183	754	0.8544859365370628
309	250	0.8416090597832034
577	540	0.9659636841385003
309	251	0.9794339874261129
444	368	0.9765048438489786
184	743	0.9900945574561905
183	757	0.9831996213460767
180	790	0.8661873834497644
686	122	0.868991399758034
20	361	0.8411484196925593
450	250	0.8385099251376885
184	745	0.8476731857801799
285	468	0.9876722580206426
506	506	1.0
385	199	0.9132010433610914
18	420	0.799263204734429
738	426	0.8485405455610068
740	13	0.8882932744249967
578	534	0.8252731486257286
99	309	0.8626661594782149
738	420	0.8565725857343666
205	559	1.0
151	281	0.8441279069296797
573	573	1.0
20	20	1.0
333	790	0.9166620130272028
157	212	0.8348916162361899
450	241	0.8401879768227195
444	358	0.9765048438489786
605	236	0.8482046359597156
737	420	0.8653061189912772
154	250	0.8606921826332096
155	241	0.8590956558139603
95	360	0.96464003741183
205	589	0.8516919194236773
26	307	0.8132637136260431
640	640	1.0
585	420	0.840082196192012
205	585	1.0
507	504	0.9847949697163212
507	507	1.0
679	262	0.8104243142053117
640	645	0.9869231347847144
15	477	0.987403414251932
636	731	0.9948674911139108
631	790	0.8968765802903715
741	361	0.8682476010748177
343	663	0.8839015578435716
740	372	0.8920996101207962
640	642	0.9722613132842736
642	623	0.879784324848794
605	262	0.8399212308495713
481	744	0.8353681080331301
18	444	0.8373029515263228
574	583	0.996394836307125
574	582	1.0
686	131	0.8633498198904535
343	657	0.819606171971804
740	361	0.8931295316525633
290	372	0.8276697729923955
687	121	0.8765001138859284
350	533	1.0
586	409	0.8730142901814949
687	122	0.8566612226762859
591	301	0.8256369542850117
643	603	0.9953629356439265
154	278	0.8628067069422799
160	160	1.0
678	270	0.8380845630851503
502	502	1.0
91	359	0.9533659794804615
678	212	0.965389050530822
146	350	0.8571439045308429
602	237	0.8411945632292545
146	359	0.8650822323359093
269	690	1.0
307	236	0.9898866719862192
331	790	0.8305289147400057
663	99	0.992238656584004
385	154	0.8429267570303244
741	307	0.8157237117713233
184	709	0.8265700450278837
733	426	0.8161598006081401
558	790	0.8473667418105129
92	359	0.8363852962678435
142	48	0.8337544895245422
666	47	0.946586803170092
602	229	0.815900420508652
331	778	0.8404625709902279
437	437	1.0
151	243	0.7167753539586136
206	503	0.9304227494713593
269	685	1.0
183	702	0.8926792723690954
718	691	0.7751109737293671
330	790	0.9599551493823985
444	317	0.9765048438489786
733	459	0.8395263759382134
502	525	0.8291822071655953
17	411	0.9694771348058733
205	544	0.8358427048647936
283	462	0.8330427235990798
161	118	0.9804897078673099
151	278	0.8955089714991303
95	331	0.9686922463856625
605	225	0.8480739726643066
157	205	0.855369657462363
686	105	0.86819718321663
733	462	0.8359566784452196
13	462	0.7889334182479524
203	578	0.9723921479633711
13	464	0.8530494104754989
732	472	0.9761086199250645
724	592	1.0
150	270	0.8837116297144055
281	477	0.9684984547592602
668	386	0.9450174349014279
666	64	0.961830911131396
181	740	0.8310688235601302
151	262	0.8821186804348348
503	503	1.0
502	519	0.9058631310430753
183	727	0.9671200407087255
13	479	0.8286941800012236
631	740	0.8854605939122928
141	81	0.8758663300708756
573	560	0.7772176353643806
733	450	0.8074576789942663
18	413	0.8039184271274769
682	140	0.992510330550236
205	601	1.0
536	262	0.7818340234063488
426	691	0.8533342789059827
281	540	0.9345515148905433
182	801	0.8315790181027152
734	503	0.9449672843520824
426	698	0.8648130318474618
529	48	0.7772176353643806
674	340	0.9831742858292322
725	658	0.9308527890890009
12	539	0.9638562032752355
141	494	0.9760834483091578
722	692	0.9493755800530815
154	301	0.8551381120086748
78	678	0.9436155081614144
730	559	0.8031091749175985
534	298	0.8011905462815
77	691	0.7764268083486688
672	359	0.9039156240637723
718	763	0.9714247145780736
540	167	0.9532209682129842
525	81	0.8891183638738202
725	640	0.8278434702887414
200	658	0.847693057948845
541	157	0.7850086135764932
544	122	0.7879235515467674
307	307	1.0
716	790	0.8074856037295834
725	643	0.8645778646955964
372	72	0.8916931087894088
544	129	0.7970950772573706
83	586	0.9488946024355781
269	764	0.8148937622564465
539	229	0.7946602117358672
248	133	0.8122445877877253
730	548	0.8099442429118433
546	123	0.9626442838547464
150	361	0.8564543031822913
205	621	1.0
309	309	1.0
733	531	1.0
674	361	0.8166252357422661
539	258	0.850249089605393
730	578	0.8503152224911785
307	333	0.8464828736707405
269	790	0.9139682027579069
548	109	0.8192029807018665
204	642	0.8915005428500343
385	250	0.9716435107062502
78	699	0.9436286428991622
20	426	0.8194501001137461
154	304	1.0
382	270	0.8042347936933828
678	301	0.8418470626386685
674	357	0.8249611059115464
91	462	0.7938389501003126
150	359	0.850854609856622
666	492	0.8680760966692306
433	589	0.865680651997607
278	638	0.9525322437435148
183	803	0.9831996213460767
428	686	0.8164134344986508
674	359	0.8832117044578032
682	223	0.9938779141845699
301	51	0.8980016677349713
718	790	0.7879898332360056
546	122	0.8800995124250187
546	121	0.7898952324757585
203	642	0.8102717801248202
248	155	0.8300003578196234
545	133	0.8104515312980668
133	585	0.8350727308143864
657	584	1.0
77	642	0.7495609258009186
77	641	0.9862278738061765
150	301	0.8459357266420894
525	51	0.8949529161998145
724	621	0.8156977025784194
658	574	0.8886707972795311
563	740	0.8730530939788074
657	589	0.8652338307155585
433	534	0.9014973224274415
150	309	0.8627961714400917
78	635	0.8459599177760118
48	150	0.8657698228269514
524	69	0.8357198423006619
301	344	0.896385599704817
425	672	0.8518840336120862
270	663	0.8834083399024584
425	658	0.8724665169019787
142	429	0.8397727820179516
425	657	0.8350506583878765
712	790	0.8747645723050091
426	647	0.8493625520609244
48	158	0.859186103888
236	270	0.8396921185195593
372	372	1.0
672	319	0.8819591764317748
663	460	0.9698756594987682
422	698	0.7965618958907705
268	733	0.8802858050318828
237	262	0.8434588789260415
48	165	0.8844460154906707
229	51	0.8712325328587297
792	697	0.8451630997889482
766	165	0.7909199592558606
77	657	0.8320417607920557
725	609	0.8541133101902509
83	542	0.8720174303754442
560	772	0.8790591526921071
238	250	0.8311509670857343
732	509	0.851761115478224
91	415	0.983837133093795
77	660	0.9862278738061765
270	691	1.0
238	278	0.8127899457395652
789	790	0.8202283877006398
140	482	0.9979579647763013
541	147	0.9797718773527601
200	642	0.7977291849230788
573	605	0.8415547123913528
542	132	0.9256022849123506
529	372	0.8293675946104825
229	83	0.860952700635862
78	657	0.8566759892603398
429	640	0.8867167553456115
730	534	0.8145107256176953
136	573	1.0
725	630	0.9866556042654158
672	350	0.8984071529343062
666	463	0.8838244339953312
278	609	0.9674434800168576
676	301	0.853102636483471
429	647	0.8752833219105789
91	426	0.8129764895807636
672	333	0.9659636841385003
77	672	0.8268542168427323
301	350	0.9946353452053783
91	420	0.9619424821729899
789	789	1.0
529	361	0.8074856037295834
433	544	0.7948910988960997
47	199	0.8529695278490866
543	117	0.9865209610724428
269	740	0.87325984392872
524	79	0.9540505109377041
372	51	0.8968765802903715
12	520	0.9712883664050028
238	270	0.8269109692527183
269	743	1.0
127	657	0.8565984448083354
243	117	0.8545873647812482
529	307	0.8128112802089839
242	127	0.8267122164056849
716	716	1.0
237	229	0.8415003404202039
44	158	0.8593559660447024
39	258	0.8546624425219782
758	262	0.8595472312094301
531	243	0.985509783595008
44	150	0.9130050011425341
262	773	0.8905727131215397
130	585	1.0
125	686	0.8260139349940139
764	157	0.8385999595715762
764	154	0.8957496303904994
785	785	1.0
261	786	0.9836085794015016
301	301	1.0
136	518	1.0
524	372	0.9059105711785144
237	237	1.0
72	663	0.8192181254655017
468	165	0.8226014063931008
142	404	1.0
524	371	0.9369056999406198
67	766	0.9717642363569121
530	243	0.796739900653194
225	51	0.8747773281589449
530	240	0.9764413463683783
225	55	0.8629926858248765
716	703	1.0
270	627	0.9545153520530877
235	240	0.982076254879969
595	51	0.8587586024983377
530	246	0.9764413463683783
758	250	0.886557148362879
714	735	0.9971071283841048
47	133	0.857419394952755
653	589	0.8582202996367666
125	672	0.8424420929283057
235	243	0.805826359548885
78	607	0.9760641963599601
372	330	0.9111289446698552
422	653	0.8933444322897028
235	246	0.982076254879969
242	122	0.8759958701711101
136	507	0.8391472828165131
127	651	0.98194993286136
81	525	0.8891183638738202
237	225	0.8559800259899351
72	672	0.826075854545348
560	734	0.841299369057126
236	236	1.0
136	509	0.8612837961528091
722	625	0.9493755800530815
238	239	1.0
71	691	0.9958926874948808
594	95	0.8006406442150794
525	372	0.8943944318988116
359	598	0.979679544034533
658	556	0.8963237584040076
200	602	0.9632093330761429
718	718	1.0
541	109	1.0
594	96	0.7509389526737787
270	658	0.8851203680461994
520	96	0.7963405363746148
372	368	0.9907003742212565
29	99	0.8581801961395321
524	48	0.7802619683907803
792	686	0.8311920175473904
787	787	1.0
237	258	0.8810767593214718
142	420	0.8792254516399376
270	640	0.8825869957802243
789	740	0.8384326988682536
663	442	0.9578169538881017
372	350	0.8948468557559949
657	558	0.9199128339876093
758	270	0.8740064537731393
270	647	0.9979440159327408
658	540	0.9114068171194505
141	420	0.9518682668921576
47	152	0.8241313839931194
47	155	0.8504939899982286
241	155	0.8590956558139603
372	358	0.9907003742212565
559	803	0.8029524463053209
520	81	0.7538329696033682
77	633	0.8216312488478271
766	143	0.9833852756364599
127	672	0.838634240612636
372	359	0.8959520820056495
34	270	0.8278247044980712
167	183	0.8514995014121558
650	588	0.9778872200614007
711	733	0.8395263759382134
121	687	0.8765001138859284
199	643	0.8820946172930291
747	48	0.8114540938741669
492	672	0.8865861827779332
169	165	0.8392112589567445
761	146	0.8576906062465504
420	643	0.9620359352186116
169	169	1.0
790	643	0.9624205544962243
41	152	0.8058829981980116
29	31	1.0
196	686	0.868974696511701
421	635	0.815254655620638
197	674	0.7931510480851675
417	727	0.9855693032061024
72	620	0.9705460632787104
468	122	0.880325471084182
189	790	0.866255701764082
595	357	0.8454792200467142
525	301	0.9884635285642034
121	677	1.0
593	34	0.8462136327770888
661	401	1.0
520	18	0.7767936326808563
792	602	0.8913272638833791
459	250	0.832123234560018
260	743	1.0
593	39	0.8383167660222469
421	621	0.8473189143688047
420	631	0.952986527234873
712	712	1.0
168	168	1.0
462	180	0.8445976971491609
196	672	0.8768173753344064
99	99	1.0
803	595	0.8429804883605104
653	540	0.8512296038082335
29	44	0.8846613746864854
590	73	0.9664105605767369
492	666	0.8680760966692306
71	642	0.8770931475723743
197	663	0.7918778743297372
785	739	0.9956738079448224
554	802	0.8435699564507249
761	166	0.8113677276198817
766	105	0.9833852756364599
756	262	0.7629025855722444
425	609	0.8516380730500839
361	492	0.9001548288223465
758	241	0.8589906524697347
647	687	1.0
430	509	0.806836002162136
125	660	0.9797343742883539
63	790	0.9912411409288271
418	730	0.9675805160362466
235	235	1.0
236	225	0.9916407252758012
357	589	0.8723625249377389
468	145	0.9810810541908008
262	758	0.8595472312094301
659	507	0.8293259077214251
486	792	0.7682938129541489
792	625	0.8369906089954928
298	396	0.9105280568384593
167	199	0.9684671726102987
745	83	0.8518379538605451
129	602	0.8004448805175671
199	658	0.885478166933295
661	426	0.8089670563237883
262	740	0.8739583163861048
714	714	1.0
72	658	0.8474105670382109
658	507	0.9280238826048364
422	635	0.7686492215575345
72	657	0.8353548978126225
789	709	0.8428605932324988
372	319	0.9732441176574824
71	663	0.8822449366023446
197	686	0.8670658087720035
130	559	1.0
422	636	0.9913872991771605
372	317	0.9907003742212565
99	262	0.8243248648294705
772	772	1.0
298	225	0.808519631822161
32	139	1.0
479	745	0.8666920482470915
402	778	0.8354957315009736
589	316	0.9626997515971394
639	639	1.0
770	799	0.8788339904897511
750	152	0.8287966000086503
585	361	0.8206081188661531
642	560	0.9369076725252499
801	464	1.0
801	462	0.8314334717385158
647	509	0.8964393504838456
647	507	0.8834172706011374
578	493	0.8707987202910443
401	790	0.8578771733012034
479	751	0.9608854917073995
704	704	1.0
51	790	0.9057082053074589
284	96	0.7134517062010335
639	640	0.9838287266603265
29	217	0.8451346895126384
703	716	1.0
593	235	0.8799343670097625
635	675	1.0
217	333	0.8473189143688047
3	298	0.7927769482086392
217	330	0.8373722503454113
733	89	0.9690369616866754
27	241	0.8622329689190097
734	70	0.9946872543003378
184	690	0.9900945574561905
486	614	0.8238842338713588
635	678	0.8965977839713521
158	165	0.8404794485959867
514	314	0.8758125789661217
650	418	0.8555486176103536
609	148	0.9604816257961313
703	703	1.0
52	790	0.8949773791967193
185	681	0.948685105467394
109	740	0.8362061636471753
578	481	0.8034335607713572
105	790	0.8080482410841803
214	371	0.9770103150301868
584	22	1.0
18	56	0.7554651292661144
801	459	1.0
479	740	0.8783638596834527
452	185	0.8336875232624162
629	790	0.9820081402815724
492	507	0.8596193293869822
483	653	0.8695380244081072
401	787	1.0
595	225	0.8463181855188636
772	790	0.8425706983401532
34	131	0.8302672287519948
27	250	0.8661019324799472
747	250	0.833015780999457
586	372	0.87348880695869
546	802	0.8542752977800253
609	178	0.9818860188539303
32	154	0.8545159981368127
361	333	1.0
57	740	0.8478916004991787
261	603	0.9801204631938837
357	420	0.8590485964592783
703	734	0.8004923691649113
217	26	0.8473946324274305
653	410	1.0
492	533	0.9745557880200967
115	663	0.8820434678545289
361	330	0.9541911711728248
217	29	0.8451346895126384
70	503	0.9461841997665269
121	554	0.8886079547267971
225	236	0.9916407252758012
225	237	0.8559800259899351
483	687	1.0
121	552	1.0
701	740	0.8968149756439051
775	749	0.9877649380792768
53	792	0.8386470934745005
486	635	0.7546700721506473
157	197	0.8388568286169961
702	731	0.9589765607399529
122	525	0.9303668248702344
590	277	0.8158328870364226
738	48	0.8460727457533653
189	658	0.8585188403608671
481	691	0.8270385625775386
801	473	1.0
71	509	0.8921357426491565
642	574	0.8819350828070494
413	620	0.8193997099355783
56	761	0.7998257262530923
225	225	1.0
17	86	1.0
740	270	0.8916429022567306
643	509	0.8772683234948428
643	507	0.8540680659449135
770	753	0.8739518966653346
474	761	0.7608303008441647
772	735	0.9966791573077057
20	276	0.9592712061429508
184	663	0.843401242835498
183	677	0.9831996213460767
307	196	0.8980839284461628
745	215	0.9694895575496492
185	650	0.8436850399184771
250	715	0.9288416049849755
636	635	0.7895951374284517
636	636	1.0
17	17	1.0
13	60	0.9834471059156332
184	668	0.8539133547218595
801	426	0.8399297080949277
185	658	0.8238260054063977
502	474	0.8420637779649864
154	189	0.8595111662398642
205	479	0.831483523418831
155	155	1.0
283	48	0.7758595152716454
27	207	0.97544523841066
12	78	0.8129924651187742
152	196	0.8414208294300161
635	635	1.0
625	792	0.8369906089954928
26	217	0.8473946324274305
586	307	0.8330382335893849
250	702	0.9249715566133273
506	412	0.9770059019269084
108	712	0.8364158530623973
631	686	0.8595400190628832
605	155	0.8387883840300234
185	642	0.8465069555729772
96	277	0.7660480451154357
290	270	0.849060355344927
633	663	0.8188844870335154
309	167	0.8265036397610025
155	162	0.9843503731521372
204	497	0.9608854917073995
640	563	1.0
640	560	0.93786488431244
732	83	0.9839743670499748
452	165	0.8564875817088214
507	429	0.9845735439595411
31	121	0.8328674875613954
605	183	0.8421054092636545
605	184	0.8513569158760004
636	653	0.8941785578912415
605	181	0.9884242058097373
121	509	0.8833994085717487
184	685	0.9900945574561905
53	740	0.8362323949601836
18	18	1.0
158	158	1.0
450	196	0.8356671481870366
96	284	0.7134517062010335
738	361	0.8411190463953659
213	375	0.9929615292013483
13	81	0.9834471059156332
702	702	1.0
483	647	1.0
212	49	0.9817438833713981
309	199	0.823383499289398
770	781	0.9516951359841629
196	507	0.8709171828877873
207	470	0.97544523841066
732	73	0.9778872200614007
105	766	0.9833852756364599
213	19	1.0
182	698	0.8466874171493938
285	45	0.9908564229196912
734	396	0.9908350930788739
452	154	0.8235100995273555
106	755	0.9334852213571937
629	764	0.8307717200443927
213	361	0.7848451892416936
27	221	0.9741569774308128
741	270	0.8407154863314752
701	701	1.0
745	225	0.8163668900188225
157	157	1.0
590	235	0.8710256746042416
737	18	0.8490760724271419
481	658	0.8243635228768993
481	657	0.9503556596511623
88	88	1.0
56	725	0.7896473852468523
290	290	1.0
185	663	0.9409261040369015
738	359	0.8561729229486236
529	5	0.7555452030672415
770	770	1.0
214	357	0.9656702815765423
766	801	0.9713527271808031
502	426	0.8102717801248202
524	3	0.8027373216572479
674	180	0.8432240451062898
155	127	0.8565984448083354
623	783	0.9729051682725468
524	5	0.7994789659664302
697	792	0.8451630997889482
283	361	0.7475764901313068
13	13	1.0
183	638	0.9831996213460767
676	165	0.8469396118939183
733	18	1.0
640	509	0.8554778105515285
605	122	0.8472790437267281
444	243	0.8532431934248542
640	507	0.8820043395636692
180	674	0.8432240451062898
633	633	1.0
154	142	0.8838926613417593
623	790	0.8461411971030338
728	462	0.7897257116294376
180	672	0.8472551150359541
631	658	0.874872955585279
502	413	0.8091653569271686
180	658	0.9158666175357255
180	657	0.8344842089529413
105	706	0.8729787094248159
433	59	0.9851215973562129
182	635	0.8552987466044127
629	709	0.8273216109608048
338	617	0.9680159235264999
152	152	1.0
333	672	0.9659636841385003
151	165	0.8382265183776381
732	361	0.9335277134369873
429	497	0.9966586846802341
148	240	1.0
450	122	0.8387455863018093
309	121	0.840782840562741
83	83	1.0
283	359	0.7691919571383424
88	369	0.8855250163912429
3	215	0.9685234753869897
180	663	0.89995367889572
148	246	1.0
12	389	0.8309089371534566
632	632	1.0
309	125	0.8194601755470131
283	39	0.8138307540390167
283	38	0.842142865118486
205	464	0.8228023140410508
633	647	0.815931576610867
678	157	0.8446180813683566
629	731	0.995735643358318
3	225	0.81107576544911
157	122	0.8547187205461343
96	235	0.8067461140098701
157	120	0.9269441053017082
152	182	0.8989010125656759
450	152	0.8423673557054818
183	659	0.8501089245173655
183	658	0.9035220665613526
157	127	0.8347987436178063
96	243	0.853053213104245
12	51	0.8573973785088946
481	620	0.8297005628124001
631	672	0.8840497406732823
350	420	0.9766804189181049
309	150	0.8627961714400917
15	15	1.0
483	602	0.8121319893841411
642	507	0.8825720126293513
574	462	0.7651155091013131
503	420	0.793901851851956
678	149	0.9890142511286405
679	131	0.8846466357590574
602	165	0.8365161989765866
738	307	0.831469875052078
84	84	1.0
307	167	0.8869514473457056
474	734	0.893923959316775
281	51	0.8543618541220064
183	643	0.8877392606355441
96	251	0.7499223266751122
51	740	0.9474103280108933
631	663	0.8642416288229262
307	168	0.8551904348360261
733	27	0.842309194647346
636	602	0.807636280605939
184	635	0.8006228613555969
154	154	1.0
573	481	0.8238017350407876
678	155	0.9466180054056461
205	462	0.8041485982767472
633	642	0.7679293129369443
214	312	0.9402024490580815
633	640	0.7923569939922327
433	83	0.8342977548028069
180	686	0.8704129358264691
285	357	0.8325838676100625
200	462	0.9549112967020418
176	711	0.9881567919934046
136	48	0.7895494007267462
672	169	0.9683231835506485
558	686	0.8677728619906663
277	430	0.9452975635987663
625	722	0.9493755800530815
182	605	0.8096651054375587
269	573	1.0
676	122	0.8464306797576125
694	790	0.8142950412358911
631	617	0.9833093558090704
204	420	0.844764746181553
83	39	0.8555188091117363
131	95	0.9421893661884079
659	48	0.839044849921455
727	417	0.9855693032061024
181	605	0.9884242058097373
331	658	0.9034024923066346
657	78	0.8566759892603398
697	740	0.853902026681378
81	60	1.0
44	802	0.8475260302852383
13	330	0.9378080751802105
182	621	0.8420637779649864
146	250	0.8479471341416274
633	602	0.8100098245588485
559	698	0.9034253980816828
151	151	1.0
277	455	0.970936920784313
83	48	0.8485444919032951
91	256	0.9806503197813311
727	450	0.8414082702540827
659	81	0.8235684844867376
184	605	0.8513569158760004
631	631	1.0
180	650	0.8561506811282632
81	72	0.8881098279954776
12	357	0.8107559264647904
204	429	0.9549285606975426
150	150	1.0
602	122	0.8319557000749208
728	426	0.8016908444401479
627	709	0.8399932683523188
204	426	0.8226308289736914
331	672	0.8135025257521943
668	262	0.7936122144531076
91	262	0.8453212633583809
574	426	0.8208970883809525
12	12	1.0
730	363	0.9675805160362466
146	241	0.8509204140971725
620	790	0.8569819945526305
13	357	0.8444222505499538
152	131	0.8452726197063305
631	620	0.872632074971921
183	609	0.9637445556621168
281	15	0.97883417577854
91	270	0.8384798986156466
333	658	0.8550895064517702
81	81	1.0
698	756	0.8889959387091818
309	100	0.9779953515683207
180	704	0.860934874531658
281	420	0.8530950341911445
557	779	0.958686318788939
668	330	0.8340175254954538
33	2	0.9811596169550802
718	658	0.7896996088772467
141	372	0.8840497406732823
428	558	0.8138043183454049
663	51	0.8883362313461441
529	270	0.8269109692527183
625	801	0.857320289775224
269	658	0.8463864980737142
330	762	0.8907807311500975
716	687	0.8260329906243802
672	250	0.8914893706740167
278	509	0.8731952713732065
92	309	0.7679293129369443
270	586	0.9923415846790576
129	589	0.8498515342564518
13	409	0.7750514665321221
141	361	0.8976481428436187
714	691	0.9952414980774735
709	790	0.8422011066127468
666	350	0.8756163495991162
560	691	0.8790591526921071
333	717	1.0
725	525	0.8664979276492546
674	217	0.8263279601258798
727	502	0.8526571027216401
716	672	0.7985893277911171
331	760	0.9557666849314823
536	165	0.7776690962329326
142	31	1.0
732	426	0.8333521259193224
730	450	0.7928912113955516
182	701	0.9377688824284341
283	420	0.7602527930080052
181	716	0.9811381951134638
602	217	0.9532349519288753
310	136	0.7906872938137802
668	357	0.7965311772538504
142	39	0.841525438231869
182	703	0.7641667339960146
283	426	0.7848111125041097
433	479	0.8337723408373754
283	427	0.838655661283109
663	71	0.8822449366023446
182	709	0.8530722244683496
151	237	0.8700126991421672
333	743	0.9758922919487362
83	472	0.9739992370756243
385	133	0.8509165442454358
285	403	0.9876722580206426
676	229	0.9797257183077789
722	593	0.8305105696316757
676	225	0.869962993124358
631	714	0.8619963608616728
204	507	0.9482488193040288
718	666	0.8649269959463146
718	663	0.8115026466295819
204	509	0.8513144933268824
602	200	0.9632093330761429
20	309	0.7470550788958858
181	703	0.9811381951134638
204	504	0.9599784434089226
176	801	0.9881567919934046
573	518	1.0
661	81	0.8310779534255455
728	509	0.8280965174769759
728	507	0.8674147650399885
558	778	0.8254360425492251
716	691	0.8252251957862184
539	125	0.9707893245788021
433	464	0.8369167422471417
539	122	0.8335534776682695
142	372	0.8285823479336717
83	483	0.9429948419481103
385	122	0.9615302029955065
238	199	0.8095993280250482
539	127	0.98194993286136
331	706	0.9911959342065303
789	657	0.9343747249717089
712	687	0.9014482321714561
237	151	0.8700126991421672
714	663	0.8831610062653423
418	672	0.8468275902432753
200	509	0.7866567226223122
529	239	1.0
142	322	1.0
67	686	0.867495934253942
133	471	1.0
429	504	0.9951458252704694
789	642	0.7469693739194961
721	526	1.0
430	430	1.0
229	270	0.8653026776508658
67	691	0.8326064018511022
714	650	0.8599108949427763
84	405	0.9900355758593178
663	343	0.8839015578435716
129	544	0.7970950772573706
714	658	0.8862082151526245
418	663	0.8417135050019116
790	598	1.0
136	426	0.8078869722910279
433	409	0.8044528664483618
556	740	0.872330009645454
359	492	0.9483557578868209
563	640	1.0
789	672	0.8088015455039504
430	462	0.8186666035178087
657	481	0.9503556596511623
792	599	0.9277283482304195
563	645	0.9869231347847144
559	730	0.8031091749175985
301	242	0.919791696884499
668	315	0.975740959285837
534	151	0.8237531792884305
725	511	1.0
714	687	0.9971071283841048
709	789	0.8428605932324988
433	433	1.0
142	340	1.0
559	736	1.0
330	740	0.8834976184636733
141	359	0.9295146940993451
730	418	0.9675805160362466
716	663	0.8101790719887668
560	687	0.881639561329021
668	301	0.8363940275779989
32	5	0.8384713182266896
557	740	0.8188946112799648
429	509	0.8544445897456546
81	468	0.8866848500343475
712	691	0.8994927222880538
91	301	0.9733559106585445
258	792	0.8655742488306596
140	359	0.827744916649285
301	237	0.9006654316701062
560	672	0.8349225577116508
418	686	0.794134285487179
697	801	0.9590787539204895
269	623	0.8425955738461743
39	131	0.8679346794360405
712	642	0.8594390045058182
39	133	0.8493390312878816
712	640	0.8569709474349494
199	568	0.9754809365330738
425	509	0.8690581902786598
133	426	0.8831013352388614
712	644	0.9823200610016197
554	731	0.988862914947534
554	733	0.7530894424208212
131	450	0.8338124965120444
560	623	0.8839934516791776
792	540	0.8477129268570515
706	760	0.9460552604557926
140	309	0.7209928734555693
74	529	1.0
39	142	0.841525438231869
298	298	1.0
258	729	1.0
81	403	0.8866848500343475
756	151	0.8018962159399767
756	152	0.8294740611842734
789	605	0.8297928882062316
229	237	0.8415003404202039
421	544	0.9887804225323716
778	778	1.0
525	225	0.8702443980963556
586	83	0.9488946024355781
225	287	0.845669304039424
67	657	0.8501556641890207
493	578	0.8707987202910443
704	772	0.7700049620621116
754	183	0.8544859365370628
423	526	0.8875089062906154
260	690	1.0
712	663	0.8799435474487612
229	262	0.8199126750336508
722	501	0.9461271132459773
39	155	0.9753693495220832
81	411	0.9911666751054207
659	420	0.8632098905659965
170	804	0.9929615292013483
422	560	0.7772176353643806
452	9	0.8988034476606334
430	426	0.8149827819154625
421	572	0.9851798935860235
77	509	0.741609464205774
714	647	0.9971071283841048
709	744	0.8452482905301362
418	650	0.8555486176103536
714	642	0.8795512514401379
661	361	0.8465551049953567
238	122	0.8115026466295819
666	301	0.8760779481256172
787	661	1.0
560	640	0.93786488431244
659	429	0.8317516231259269
620	801	0.904804951228887
418	658	0.841341265810661
418	657	0.8249851385482283
560	642	0.9369076725252499
81	420	0.8857853003232584
716	605	0.9705707167636044
778	790	0.8428730017141718
653	483	0.8695380244081072
712	658	0.8836997497142637
420	575	0.9837390267360379
260	685	1.0
39	162	0.9880140545711904
530	148	0.9764413463683783
235	148	0.982076254879969
357	492	0.8548162077179527
131	462	0.8452645105255722
704	790	0.7930877282110945
714	631	0.8619963608616728
67	672	0.8169550856605015
706	772	0.8099825033896044
524	262	0.8269582421089717
77	513	0.9862278738061765
237	122	0.9014869891916556
655	409	0.9527306311307091
609	199	0.8672658165796879
509	468	0.8844519206354754
514	362	0.9134085741016434
361	350	0.9121821961023976
199	525	0.9236748470339752
250	790	0.9055781244039111
646	556	0.996992277364909
753	168	0.8268116346341943
125	520	0.9850799424024249
152	5	0.8434382977727681
492	554	0.976013832537545
18	89	0.9690369616866754
409	740	0.8708579656895488
507	497	0.9864205819691264
361	359	0.9171461017824964
214	81	0.8255795858486152
790	525	0.9594049267200586
801	492	0.8517649585499141
609	183	0.9637445556621168
117	647	0.8239472822171939
108	790	0.8227092531948863
704	729	0.8876932232309303
748	250	0.8516111409238383
151	3	0.8092753771095632
520	243	0.7797353641335518
706	706	1.0
593	262	0.8429515590849112
703	744	0.7571255730734492
151	5	0.8003439016103842
653	422	0.8933444322897028
653	420	0.8936084295833152
298	262	0.7730544026360641
737	83	0.9303585377425048
589	357	0.8723625249377389
775	775	1.0
122	573	0.8855396532893605
423	507	0.8103044829232833
122	578	0.9566184527025349
551	740	0.8553360732382531
56	790	0.7823717396759245
701	790	0.8700623852891126
589	39	0.8565984448083354
758	121	0.9921449006021702
585	81	0.7905319168536137
657	401	0.8822659670054674
229	223	0.9946989312338433
235	117	0.8452645105255722
357	464	0.8709138937827735
261	643	0.9833220119633076
229	229	1.0
29	278	0.8359785839761669
709	709	1.0
127	520	1.0
646	564	0.9963358518551707
189	691	0.8422177418625287
117	663	0.857793070380446
359	420	0.9713772377215658
738	81	0.8432693995728675
251	790	0.7562013456580448
361	361	1.0
486	676	0.8718641103252418
261	635	0.7939521481469657
67	637	0.9678683215677647
594	270	0.7412013840062331
225	262	0.8550408815470847
409	751	0.9867009143672759
57	792	0.8501790272812025
44	790	0.8412071447556526
772	650	0.8598569535121322
585	241	0.8571218385007096
242	769	0.9600133770317327
766	766	1.0
629	678	0.8295850548468198
20	197	0.7491605552077983
772	658	0.8839045232048908
48	740	0.8564838845417092
350	361	0.9121821961023976
737	270	0.8263612168708645
52	658	0.9043484198181416
801	344	0.8542527077650606
52	657	0.8234857639066703
354	314	0.9586980746300016
401	672	0.8363809303734882
278	81	0.8696875932077904
277	96	0.7660480451154357
109	630	0.9797718773527601
764	790	0.8285683614936419
483	544	0.7421037507075514
105	686	0.86819718321663
53	657	0.8338570980573506
18	270	0.7653432947921388
403	635	0.7516236883641794
639	507	0.8755973433147776
502	32	0.8148151589284337
26	133	0.8417761286137507
772	647	0.9966791573077057
636	544	0.7661287607728438
350	350	1.0
741	174	0.9500929691816387
48	754	0.9535561817474648
277	81	0.7915380686620306
99	150	0.9950617351970159
635	556	0.8393092894465636
217	217	1.0
643	420	0.9620359352186116
401	661	1.0
632	594	0.9468069004562691
401	663	0.7969237510304803
206	41	0.9304227494713593
52	672	0.8791638851088174
18	277	0.768483507384538
770	674	0.8788339904897511
105	672	0.7972050795790971
55	635	0.8134335859811115
5	152	0.8434382977727681
770	672	0.7771957438625351
350	359	0.9652450172951814
203	81	0.9626752832920401
745	157	0.889666405048414
772	672	0.8406270265404655
99	165	0.8448990325236075
413	502	0.8091653569271686
540	750	0.9638254687608624
747	133	0.8259948762859394
108	663	0.8776304108987601
586	255	0.9946483242570264
728	99	0.9507158085869023
586	258	0.6375005235143839
205	83	0.8548536820706181
502	61	0.9283082396030868
541	740	0.8362061636471753
635	589	0.9021055208103113
481	581	1.0
108	664	0.9285247841272165
737	299	0.9317579322035663
109	653	0.8464989288050785
802	359	0.8565060658688386
26	152	0.8545310261610387
520	117	0.8165271317594971
748	122	0.8398957955193637
357	307	0.8595292000487403
766	790	0.8026266952269472
242	796	0.9604418370004044
51	691	0.8956090756828047
242	790	0.8851233049425978
115	548	0.9543334202627476
117	500	0.9821982108947107
728	81	0.7880163349878314
479	635	0.830496808938693
117	503	0.8519684678684148
589	205	0.8516919194236773
287	287	1.0
29	122	0.8746975827013698
338	593	0.8534063400092816
744	156	0.9121893319938712
343	493	1.0
585	250	0.8242910286246636
481	573	0.8238017350407876
509	319	0.8954439971478697
310	801	0.7807790300601564
108	650	0.8422426904254664
350	372	0.8948468557559949
574	81	0.8725412075688171
343	499	1.0
48	778	0.9475015221437012
502	52	0.818427986528018
772	663	0.8828354563610723
509	317	0.8843692234821989
241	790	0.8776522275767478
47	790	0.8514648338245508
593	122	0.850264653523992
108	658	0.8293768563720632
251	633	0.7772103386766775
738	270	0.9962370622742683
586	249	0.9945769247970818
503	41	1.0
250	643	0.9076291166901426
479	642	0.9608854917073995
225	109	0.9584190210963516
350	31	0.859867743693369
401	686	0.9519441629690553
703	605	0.9705707167636044
121	420	0.8922274177035782
740	150	0.8884392686707496
640	420	0.8417343831631081
740	151	0.9455697145959051
534	803	0.8178931399841237
48	705	0.8844460154906707
182	560	0.8384155307112252
590	100	0.9398246793603816
283	283	1.0
200	81	0.7765590048760397
52	616	0.9929155542290617
206	359	0.8491624799958412
632	562	0.8964312893051085
41	792	0.7575279975694145
640	429	0.8867167553456115
214	228	0.919674940696816
633	556	0.832186564462972
699	699	1.0
642	409	0.9867009143672759
764	756	0.9603157629690737
732	299	0.9932803167034278
464	792	0.878360760879033
287	225	0.845669304039424
328	691	0.8494800875861643
502	333	0.8115403958302487
734	250	0.8506802499984029
574	361	0.8891809544033406
699	678	0.9969284312027635
205	357	0.8175147244409303
20	165	0.8392112589567445
47	725	0.8252251957862184
474	635	0.7956862426511591
722	96	0.8274063934496506
243	702	0.8440460171586608
48	712	0.8569893587439907
169	790	0.9086938898117218
635	512	1.0
629	629	1.0
344	429	0.8716256000654377
290	152	0.8278012430714394
15	274	1.0
13	293	0.9853283011464239
738	217	0.7983658303285858
18	235	0.7844902838234669
627	657	0.8462860250738052
728	372	0.7993351704506604
214	214	1.0
698	698	1.0
635	542	0.8408585689538335
105	658	0.8534366687882027
287	258	0.6040718417281389
217	200	0.9611348311880479
105	657	0.8434753413179497
503	356	0.9667863422354056
243	733	0.985509783595008
44	772	0.8545986293860461
770	657	0.8029117779826912
241	758	0.8589906524697347
629	653	0.8943807797940788
18	243	0.985509783595008
217	207	0.8446547642870776
636	533	0.9948674911139108
53	621	0.8390491197068323
17	250	0.8873185483858017
189	509	0.8319783536743205
285	285	1.0
642	424	0.9867009143672759
20	180	0.8406817950459473
290	186	0.8862256846696374
481	546	0.8656532018792816
467	790	0.8726450506241515
401	658	0.8289918834423762
629	663	0.8329349165809597
770	663	0.7684677120295389
401	657	0.8822659670054674
643	415	0.9942727508193622
207	27	0.97544523841066
105	663	0.8206180951974562
625	692	1.0
761	790	0.824262018423037
52	642	0.8758916167207176
591	102	1.0
625	698	0.8580817046274735
741	152	0.7786025884221248
590	117	0.8957766424508552
540	704	0.8607493297152462
204	48	0.8529999655008272
3	151	0.8092753771095632
51	663	0.8883362313461441
52	650	0.8744804172156844
444	178	0.9704921184925447
278	52	0.9711856338060489
627	672	0.8244069980172506
96	176	0.8912713171054257
56	609	0.812217788553437
741	155	0.8168675601775649
5	130	1.0
574	48	0.8533304850361331
55	614	0.8337410992839236
401	642	0.7316846826617918
55	617	0.9814691539155381
764	764	1.0
105	653	0.8087463225049746
327	672	0.7989748873830711
559	591	0.8568456770464093
623	663	0.9437467979858539
426	71	0.8516573066336202
100	659	0.961655167173207
146	152	0.7835636123625757
146	159	1.0
270	98	1.0
730	278	0.8336115826182334
96	100	0.7697788625404386
429	385	0.8469955838485371
727	359	0.8754705608929745
204	344	0.8403105656762263
623	672	0.8422219003156186
733	243	0.985509783595008
281	270	0.8556640569263047
429	40	0.9857090062080461
205	330	0.8341110085058623
627	627	1.0
331	593	0.8349225577116508
44	714	0.8582348794748825
698	666	0.8539360076474839
290	122	0.8416383135909982
83	299	0.9888155891247015
462	792	0.9281334849283498
277	18	0.768483507384538
181	522	0.9708093207622525
558	591	0.9603389958395548
623	652	0.9886884069533772
12	262	0.7273354878203403
694	694	1.0
78	55	0.8144686722456211
278	333	0.8777176548429352
41	755	0.9725471644010828
730	262	0.8593270699310775
129	83	0.8446343862646051
178	602	0.8151344820709482
146	146	1.0
278	330	0.8838630018078945
559	585	1.0
91	168	0.969158421243075
620	698	0.8653439674141726
13	258	0.8145317466055904
444	117	0.8691583087366427
77	77	1.0
698	657	0.9458099363315019
698	658	0.8508429936447
166	790	0.8249130259306264
467	721	0.9512329639575297
761	761	1.0
92	165	0.7831423650966529
327	691	0.803468262077978
96	115	0.7801554251877142
15	232	0.987403414251932
574	359	0.8923134766721721
96	117	0.8533191027181006
278	361	0.8777176548429352
627	642	0.8426038645392594
148	152	0.7911199268526729
184	522	0.8510093867030116
727	372	0.8637407796034866
207	327	0.9440071236931281
697	697	1.0
730	298	0.8327595215817851
213	213	1.0
728	361	0.7684914042098927
77	81	0.7568447399428668
698	686	0.8722909800927007
167	790	0.862395153492239
429	48	0.8552875463903423
327	686	0.831692602253469
502	316	0.9147075519796968
281	274	0.97883417577854
668	184	0.8539133547218595
212	212	1.0
78	78	1.0
333	576	1.0
51	616	0.9699252010869985
740	124	0.9858955217711523
725	385	0.8499919965757727
730	281	0.8520221682767608
727	361	0.852599864990663
203	361	0.8914083430735922
578	301	0.919064775909961
17	227	0.9694771348058733
281	281	1.0
429	51	0.8852935283330424
148	148	1.0
764	721	0.8957496303904994
792	72	0.9271713774678335
563	462	0.7538329696033682
317	790	0.8941238483278231
623	623	1.0
514	0	0.9190692893709427
