117	361	0.5985764840125356
262	319	0.7205637054471217
545	545	1.0
672	790	0.8063576661486164
152	747	0.727877338741445
682	635	0.746865279843629
792	205	0.7286447452103794
778	450	0.6994658010883633
712	310	0.6638698921064328
189	48	0.6414619306650661
647	250	0.6727851929150142
481	81	0.7455613144212093
151	756	0.6430013493245218
382	686	0.7686097884816243
639	48	0.5761390814002693
674	772	0.6549371794668996
785	332	0.9889575190563682
775	492	0.6831783628730324
636	83	0.7203540373763152
710	344	0.6868897417720233
189	39	0.6396968131900418
605	716	0.9634106911953441
778	460	0.9374431392503653
792	217	0.9134886681143607
121	262	0.730267808161604
546	546	1.0
55	480	0.9681194648825406
196	250	0.8915954667983773
151	740	0.8929501708811246
56	474	0.648795099553554
382	672	0.7256597361940077
709	401	0.7522582478375948
57	462	0.5606075908124641
636	93	0.9855706870837669
704	462	0.732966091211379
544	572	0.9859189914145962
709	409	0.7686097884816243
409	424	1.0
67	307	0.6929048597095323
63	350	0.9623289981587585
650	197	0.7486714881841509
710	357	0.7202993790838187
650	196	0.8477327925059455
650	199	0.9050011924070416
509	199	0.7431593774612328
647	270	0.9942154828903462
357	122	0.7347976942449851
674	790	0.6689240317960917
310	639	0.5858454164058257
710	13	0.7438510587285114
251	462	0.6638698921064328
338	81	0.7217515879757102
790	250	0.7686097884816243
56	462	0.6669344487552048
674	799	1.0
108	481	0.7253454547689023
655	140	0.9907564114997218
189	361	0.6579615212662262
450	747	0.7522582478375948
413	320	0.9808794464301954
712	341	1.0
307	702	0.7335856551730093
744	801	0.6187848264135373
452	721	0.8102499731251511
382	658	0.7435580173894587
55	462	0.6689240317960917
709	421	0.7891041333569058
659	100	0.9528025409571467
548	548	1.0
709	426	0.7459510694443862
409	409	1.0
122	224	0.9500464539649129
790	269	0.8063576661486164
481	48	0.739795632702069
152	709	0.7028327910629368
48	591	0.739795632702069
197	217	0.8232518854310436
237	699	0.7080204629722061
115	81	0.6505960734427163
199	270	0.7339109643619328
262	359	0.7908812149418307
127	242	0.7462104397900982
62	62	1.0
545	507	0.7734250039032671
509	136	0.7106980333297471
676	709	0.7494988487239339
633	77	0.6783000795354905
486	62	0.8852671293727729
536	656	1.0
802	165	0.6783000795354905
542	542	1.0
80	117	0.5985764840125356
542	544	0.7529164261711593
703	422	0.5282565601956145
310	698	0.6870784147701383
703	421	0.5797374211345052
117	53	0.6926763924634859
421	250	0.7395985874963751
133	127	0.6783000795354905
653	105	0.6594920939536061
155	741	0.7522582478375948
539	621	0.7522582478375948
653	109	0.7686097884816243
479	462	0.7199334151836362
309	747	0.6783000795354905
259	426	0.6970908336505347
158	709	0.6783000795354905
509	141	0.7190995458546523
259	422	0.9842316694502008
650	141	0.7357509220878683
710	307	0.9711595552222129
633	81	0.6557390332002747
540	577	0.9434427611233022
422	237	0.7234948955256899
772	499	1.0
486	344	0.6194159209610598
486	53	0.6309420699271853
486	51	0.6403871423088774
71	255	0.9951910839468262
151	780	1.0
421	241	0.7395985874963751
396	509	0.6968342152637611
543	543	1.0
507	172	0.9736741792000195
154	748	0.8524241680305188
803	165	0.6669344487552048
150	790	0.7261094126115148
483	83	0.929166033577419
539	635	0.7522582478375948
529	795	0.9653394560654962
117	388	0.9239273802881885
127	225	0.727162380838802
534	698	0.7381712055845313
479	479	1.0
385	672	0.7579898128066294
701	462	0.6585288071559555
422	229	0.6925864929649194
152	767	0.8193795477891347
646	241	0.6959402895952371
633	96	0.6713561832895403
131	131	1.0
486	357	0.6327022478664065
417	321	0.9785580362806728
674	753	0.9694895575496492
310	678	0.6478630599217917
155	728	0.7686097884816243
160	622	0.9593664954155177
635	78	0.8448380117989513
544	542	0.7529164261711593
544	544	1.0
727	5	0.6396968131900418
385	663	0.7869379897400649
409	450	0.7455613144212093
540	595	0.777458157468751
650	165	0.735178516516312
646	250	0.5858454164058257
509	167	0.7417269270173665
650	167	0.904287763965083
417	318	0.9554420278479928
509	168	0.7106980333297471
450	709	0.9262214692051475
357	155	0.7248698604946029
413	18	0.6480533446196032
421	225	0.7332560427326235
674	764	0.7050061755567871
574	5	0.7034711350344003
539	651	1.0
507	196	0.8107776383919898
385	658	0.7611685833083996
154	721	1.0
792	200	0.9158319252239024
474	474	1.0
185	359	0.5903056163821541
105	462	0.737099214635731
640	250	0.6638698921064328
48	538	0.7948848648717078
372	761	0.7538058576979313
333	81	0.7686097884816243
108	426	0.9023264406965602
185	350	0.5830495795996853
802	122	0.7006625959532315
178	479	0.665232566662366
633	381	0.9602676252174884
344	250	0.739451854631186
483	330	0.7584150288937982
243	530	0.6973826365898887
51	462	0.6783000795354905
639	310	0.5858454164058257
243	531	0.9653394560654962
106	440	0.9664677072507066
52	450	0.7067384147093183
47	550	0.9481218334252972
479	424	0.9523880999065306
204	199	0.6964260205528117
525	790	0.9154891336287354
772	450	0.7087313173302303
636	350	0.988576012519132
650	108	0.721905843752438
184	359	0.7918138381419725
481	361	0.7686097884816243
53	429	0.6874391710955671
636	357	0.6783000795354905
344	245	0.960043313056282
331	95	0.9188795902835994
278	196	0.7167907843552374
178	464	0.6783000795354905
803	122	0.9496629910596164
243	520	0.6783000795354905
402	426	0.6669344487552048
507	136	0.7742674544956684
237	635	0.7158063085218079
241	546	0.7430514875840589
540	540	1.0
486	310	0.8972883022962348
801	155	0.7248698604946029
536	631	0.9317722825687079
633	53	0.6544717071696753
701	426	0.6920141277442106
183	359	0.7355622547466265
642	250	0.7522582478375948
802	146	0.6783000795354905
506	153	0.9702035429790206
180	42	0.9515554105990663
278	183	0.9684640440063538
642	259	0.7489631163854349
506	157	0.6652499105261934
403	403	1.0
631	81	0.7263698499661302
629	492	0.9590469314306774
539	602	0.6540258864779478
483	357	0.6549371794668996
237	624	0.945503116058132
237	621	0.7158063085218079
401	426	0.6727851929150142
176	473	0.9694895575496492
52	416	0.9888737300526713
640	284	1.0
47	516	0.993191180830319
51	429	0.7028799966918652
486	320	0.8850704303676845
541	541	1.0
672	743	0.9613128893736664
802	154	0.9634106911953441
558	95	0.7147493204458942
39	657	0.9694895575496492
643	250	0.7607455654812146
338	338	1.0
182	357	0.6524572279137125
39	658	0.7504831297218848
642	269	0.7462104397900982
643	256	0.9880534917173401
330	81	0.9255206536079978
479	450	0.7106980333297471
205	157	0.7459510694443862
402	402	1.0
236	626	0.9875290294210198
333	48	0.7538058576979313
152	702	0.7087507989426808
524	756	0.5985764840125356
382	642	0.6783000795354905
631	361	0.7443133122746253
636	301	0.9804122041295175
200	5	0.802276646163795
727	183	0.9444330476447707
758	658	0.7435580173894587
403	468	1.0
727	189	1.0
47	590	0.9586762415505291
578	122	0.9479347660313484
403	462	0.5858454164058257
238	672	0.7322299265910739
53	462	0.7017453624136786
236	698	0.716882033323183
529	707	0.9653394560654962
182	78	0.6518092978325841
146	802	0.6783000795354905
474	448	0.7686097884816243
109	445	1.0
310	605	0.5702495299832809
531	642	0.5985764840125356
344	285	0.9583718957219907
108	450	0.7431593774612328
248	507	0.7182829317854492
62	320	0.9889440080617165
483	301	0.7092006152916378
237	676	0.7380057017037953
241	585	0.7686097884816243
625	492	0.5959064067923417
631	39	0.7381293304197042
756	699	0.6939377814626267
756	698	0.8139153078883836
251	420	0.6576777637459452
350	165	0.7381858579645648
345	265	0.9707247018128369
540	509	0.7061590669609777
758	672	0.7522582478375948
758	677	0.9896852011036584
189	321	1.0
238	658	0.7206863306776757
56	420	0.6571667194588668
503	154	0.6783000795354905
631	48	0.7172769353987837
301	731	0.9905454892271495
474	469	1.0
401	462	0.7522582478375948
636	330	0.9395947995487496
631	392	0.9654897843660505
189	318	0.9694895575496492
344	264	0.9643534714827341
426	5	0.7459510694443862
578	153	0.9863270137789805
52	462	0.6493642350437104
554	97	0.9909363812097502
330	387	0.9673615085075601
165	591	0.7522582478375948
429	167	0.7192741411875421
429	165	0.7260095222522815
756	635	0.7218042567616941
724	178	0.9694895575496492
33	672	0.7859706996388323
725	165	0.7462104397900982
167	568	0.9732637634778831
697	462	0.7127438252018782
697	464	0.9447627745003662
698	450	0.873540346303918
205	109	0.7522582478375948
200	168	0.7673164478588362
259	81	0.6638676925544071
259	82	0.9842316694502008
709	99	0.7403548458310975
467	526	0.9288206468473081
197	5	0.9664677072507066
197	4	1.0
623	462	0.6638698921064328
764	507	0.7142325172714459
595	767	0.9402005243561687
32	672	0.7686097884816243
747	790	0.6783000795354905
557	46	0.8062448272925895
278	112	0.988576012519132
697	473	0.9447627745003662
333	333	1.0
29	753	1.0
627	420	0.7297632400046391
727	154	0.6579615212662262
34	657	0.7686097884816243
26	790	0.7266868878207893
330	361	0.9292099274827335
756	653	0.6557390332002747
32	663	0.7247628178866035
524	736	0.8114433016107938
328	429	0.6458850611598965
268	268	1.0
503	106	1.0
556	49	0.9927972643995957
277	117	0.6783000795354905
328	420	0.9318931742151445
33	658	0.9355515845865177
727	165	0.6579615212662262
758	638	0.9896852011036584
728	150	0.9224554718046901
330	359	0.936183757190149
728	155	0.7686097884816243
225	725	0.9738473369555589
467	549	0.9348322900084154
41	503	1.0
525	731	0.9716878399150912
520	790	0.6783000795354905
32	650	0.6669344487552048
158	686	0.6783000795354905
625	462	0.6638698921064328
503	117	0.5858454164058257
766	509	0.6430206014796015
530	635	0.7131456947490604
327	429	0.6554989569403853
268	250	0.6783000795354905
267	267	1.0
32	658	0.7557318112535519
32	657	0.7522582478375948
426	167	0.8309729175594815
327	420	0.6592822154541547
298	730	0.6609596460368959
631	359	0.8643907948190085
426	165	0.941060041803499
330	348	0.9801031983824999
623	492	0.7376307871475113
331	331	1.0
5	789	0.7538058576979313
764	534	0.9472314090652744
462	539	0.7522582478375948
47	509	0.6943675513765416
47	507	0.762502950326089
278	169	0.7477248616593537
686	591	0.7522582478375948
620	450	0.7256597361940077
183	333	0.7544277115616063
180	20	0.5858454164058257
182	345	0.8828055472751573
747	747	1.0
182	344	0.6358736195793466
333	39	0.7522582478375948
754	623	0.9644243634794812
401	401	1.0
463	534	0.7256597361940077
459	621	0.7248698604946029
429	196	0.8190564801827604
29	790	0.6689240317960917
168	586	0.7028534462564484
761	507	0.7392904198446602
557	83	0.6523056176133815
698	421	0.7637387301224432
753	642	0.5985764840125356
100	462	0.6638698921064328
748	748	1.0
236	604	0.9875290294210198
236	605	0.5761390814002693
698	426	0.8161131547599352
621	459	0.7248698604946029
457	657	0.45627167606002095
372	702	0.7359552865784559
457	658	0.4080638136677167
595	730	0.7395799988309766
463	546	0.8646747524550736
125	5	0.7522582478375948
725	141	0.739795632702069
459	639	0.5858454164058257
464	539	0.7455613144212093
631	301	0.8301890701563728
333	361	1.0
206	114	0.9745123641223837
621	464	0.7248698604946029
327	471	1.0
327	470	1.0
753	658	0.6561887178300246
753	657	0.6638698921064328
718	270	0.669715436299794
166	593	0.7416692244949943
694	482	0.9953319401662446
204	133	0.6552751322937579
573	122	0.7742374772433854
750	691	0.6246299192063792
745	792	0.6967636858776838
467	509	0.6638698921064328
745	791	0.9788370796114948
563	284	1.0
689	589	0.650583404815677
178	409	0.6638698921064328
614	595	0.7533166722976302
463	559	0.7218042567616941
333	359	0.7686097884816243
459	647	0.6316926311167355
429	172	0.9867256228307676
620	481	0.739795632702069
524	709	0.8114433016107938
591	798	0.9785580362806728
556	73	0.9895789775779891
727	133	0.6579615212662262
259	93	0.9842316694502008
457	672	0.4597453520333668
699	430	0.9912079020964442
621	479	0.7415273654726918
623	450	0.6638698921064328
754	652	0.9583045456077528
712	270	0.6457890433499192
258	369	1.0
704	66	0.9185582837282533
127	165	0.7579898128066294
96	766	0.9403178807315361
447	755	0.9653394560654962
423	155	0.5985764840125356
423	154	0.8709533573053809
452	657	0.7416428936063545
453	642	0.5908593087015837
452	658	0.716039717832887
423	152	0.6381351076832074
422	168	1.0
679	679	1.0
558	316	0.7549029426058265
453	646	0.9831700627987423
444	790	0.7252661431602921
217	801	0.7048472129551687
614	525	0.6498992735841048
686	558	0.7559180974502486
319	509	0.688884376435644
251	96	0.5985764840125356
319	507	0.7225108413501868
154	672	0.6783000795354905
127	157	0.7459510694443862
557	330	0.7220354360224659
127	155	0.7686097884816243
621	409	0.7686097884816243
704	76	0.8999170723474187
452	663	0.7155359258805187
694	420	0.6890319740118249
744	744	1.0
152	698	0.727401633758995
678	699	0.994152982439599
457	609	0.36306375005282515
709	361	0.7522582478375948
157	635	0.7531894826910178
20	776	0.8709533573053809
694	429	0.720795208404234
750	635	0.7078928470978919
262	262	1.0
422	152	0.684873175576085
421	165	0.7393038821717104
129	129	1.0
155	657	1.0
155	658	0.7590970868663628
270	125	0.7450426821759206
642	5	0.7686097884816243
3	745	0.9849020759293747
72	165	0.6713561832895403
716	241	0.5985764840125356
605	686	0.5903056163821541
396	426	0.7898365810008366
792	184	0.710683017856749
592	724	1.0
309	659	0.9380723268057227
450	698	0.873540346303918
5	709	1.0
69	229	0.9649548941015961
197	197	1.0
152	686	0.7057757553209709
463	503	0.9447627745003662
714	270	0.9884472584076963
409	39	0.739451854631186
745	745	1.0
559	321	0.6396968131900418
463	507	0.7048573362366766
262	250	0.8026150441284893
409	34	0.7686097884816243
3	730	0.6557390332002747
146	790	0.6403871423088774
420	168	0.9469076588038727
261	261	1.0
716	250	0.5985764840125356
270	115	0.8661087707296304
747	725	0.7462104397900982
154	658	0.7381858579645648
155	643	0.7522582478375948
95	760	0.9031859592249928
721	154	1.0
787	297	1.0
154	657	0.6783000795354905
520	708	1.0
704	92	0.8419221236789942
122	196	0.8884306854213633
593	722	0.6187416327767103
457	621	0.4114083047470608
91	790	0.9155215983582403
744	761	0.8253642053225013
709	39	0.7686097884816243
557	357	0.6638698921064328
148	761	0.7347858050404458
317	509	0.7040384075973197
57	57	1.0
609	653	1.0
151	684	0.9909363812097502
321	417	0.9785580362806728
196	196	1.0
747	733	0.6783000795354905
72	143	0.9618391179708191
748	721	0.8524241680305188
117	288	0.5985764840125356
99	709	0.7403548458310975
748	725	0.6689240317960917
154	642	0.6783000795354905
127	127	1.0
450	635	1.0
269	238	0.7455613144212093
712	234	1.0
333	307	0.8419888053003632
3	791	0.9937669539524112
158	672	0.6689240317960917
740	740	1.0
785	250	0.6698022783425526
785	255	0.9888250555577661
34	621	1.0
544	483	0.7125992453265322
34	620	0.6783000795354905
676	672	0.7563338630158044
778	34	0.7240547448831008
165	546	0.7430514875840589
539	589	0.780842611704257
676	676	1.0
778	39	0.7461842399946429
711	250	0.6638698921064328
703	41	0.5282565601956145
34	629	0.6783000795354905
605	635	0.6353367485601951
546	463	0.8646747524550736
330	330	1.0
168	509	0.7106980333297471
647	183	0.6532977821357812
679	642	0.9653394560654962
744	703	0.570332358144941
423	183	0.5944321388120298
157	678	0.7929863427465679
602	678	0.6614708778989004
452	628	0.8150926534888653
27	733	0.5985764840125356
744	709	0.6533543705983416
99	764	0.6575602578992249
778	41	0.9245436197342822
741	741	1.0
691	420	0.7527431311654187
790	169	0.8347146536441091
155	698	0.9353302147375653
590	709	0.7433748288610725
5	764	0.7522582478375948
778	48	0.8323763520166619
450	657	0.7686097884816243
396	462	0.724588935259367
557	301	0.6585288071559555
452	631	0.6990176898007111
158	657	0.6783000795354905
418	278	0.6492769027648432
167	509	0.7417269270173665
744	716	0.570332358144941
548	457	0.36306375005282515
267	233	0.9007537997316998
609	609	1.0
166	513	1.0
426	133	0.9405177276330449
34	601	1.0
78	127	0.6783000795354905
426	130	0.7459510694443862
605	658	0.6330004903522671
546	481	0.8076474340315885
716	217	0.5837992934538135
154	694	0.7254932621111784
20	790	0.6783000795354905
5	736	1.0
678	676	0.7346257101063665
452	642	0.7289492159514182
158	645	1.0
678	678	1.0
259	361	0.7430514875840589
26	725	0.7025712832394442
640	5	0.6783000795354905
158	640	1.0
554	350	0.982321477241202
558	309	0.7322299265910739
316	558	0.7549029426058265
702	81	0.7272425803336722
95	790	0.6638676925544071
417	270	0.7058187358296172
605	663	0.6184314590677551
787	262	0.5985764840125356
426	122	0.8004567545284027
420	196	0.9282135216772432
396	447	0.9357487136850147
450	675	1.0
199	199	1.0
546	492	0.7204868353952317
154	686	0.6783000795354905
418	418	1.0
551	551	1.0
121	48	0.7328318267467484
417	420	0.7182423737423205
790	350	0.9331204469927911
197	23	1.0
589	193	0.9241208072087714
62	491	0.9864549664252038
518	152	0.6522832279860626
259	509	0.7027958962166757
646	49	0.9828572056231345
790	359	0.957630907906655
643	81	0.739451854631186
423	304	0.8709533573053809
248	672	0.6727851929150142
417	417	1.0
687	709	0.7067398340807975
711	459	1.0
556	509	0.5571897684218119
262	420	0.7606013635616748
56	590	0.7927324813740034
790	361	0.7686097884816243
714	420	0.7545534480350052
539	792	0.7431593774612328
67	420	0.6986998895913085
420	330	0.9663946823018054
518	165	0.6783000795354905
560	420	0.723717516300206
217	197	0.8232518854310436
127	307	0.7293769445836089
560	422	0.7415273654726918
647	48	0.6537887117826059
643	91	0.9875290294210198
409	542	0.7384356815300075
131	217	0.6437819444357704
117	462	0.5985764840125356
687	712	0.6478213013685639
248	663	0.842810946514343
721	304	1.0
711	464	1.0
687	716	0.5771648758633364
72	309	0.5985764840125356
121	372	0.9761456287549076
422	301	0.9694895575496492
789	426	0.7150178650675075
283	5	0.6783000795354905
310	758	0.7050061755567871
109	595	0.7497093885320837
196	361	0.7522582478375948
420	328	0.9318931742151445
361	150	0.816913905374867
310	754	0.5959064067923417
199	328	0.9459059055620787
659	217	0.7692154936238743
609	806	0.9694895575496492
545	691	0.7013433160199858
248	658	0.7265407729644462
117	453	0.9358342449424548
248	657	0.7194208731218255
711	473	1.0
792	357	0.880328521800822
196	359	0.8693183305470813
657	242	0.8089284583307069
262	402	0.7415273654726918
261	415	0.9754526762736714
115	471	0.9309497691545486
310	749	0.9472295821419834
663	136	0.776691044060733
790	385	0.7686097884816243
558	509	0.6670961721844612
554	554	1.0
614	717	0.7477248616593537
154	802	0.9634106911953441
121	359	0.7411098069310612
686	747	0.7522582478375948
691	647	0.9942154828903462
687	735	1.0
509	250	0.7160876304877171
131	278	0.6987752091050635
127	361	0.7462104397900982
585	199	0.7120606214650601
70	396	0.9900664102167394
418	450	0.6783000795354905
72	372	0.6297693849276318
81	227	0.9653394560654962
78	301	0.673726194343833
165	705	1.0
83	205	0.7382298028936044
270	333	0.7438351856730725
270	330	0.7528252530824177
483	499	1.0
199	385	0.8934599982987288
425	320	0.9655856530017333
646	350	0.623134926496405
258	557	0.6783000795354905
70	39	0.7016244697283953
492	63	0.9367951887750107
486	462	0.5985764840125356
131	262	0.6832179456173131
509	269	0.7106980333297471
492	350	0.9707893245788021
542	671	0.897799772844867
31	802	0.5811340413289031
542	676	0.8976321713566444
72	361	0.7357241433786458
161	740	0.6435443596488264
270	328	0.8119924302602897
704	540	0.7836187404895482
492	359	0.9158527417148551
421	361	0.7356416220580864
197	51	0.7522582478375948
359	269	0.8063576661486164
430	212	0.9709707228050861
544	653	0.7254578075702408
650	274	0.9734208301924062
359	262	0.7908812149418307
787	401	1.0
385	790	0.7686097884816243
545	649	0.9664677072507066
258	542	0.7232089978278191
413	491	0.9811796077205222
778	558	0.7401341866440692
492	361	0.7473002577038801
81	203	0.9310425561864698
197	391	1.0
71	361	0.7411311820010388
361	195	0.9694895575496492
130	262	0.6403871423088774
653	242	0.6689240317960917
125	361	0.6783000795354905
790	330	0.9351604489902582
122	52	0.8069875296465768
310	797	0.6468371474527818
121	63	0.746830559238686
803	298	0.6574237667135728
160	740	0.6533543705983416
310	790	0.5858454164058257
589	176	0.9241208072087714
650	281	0.9734208301924062
133	221	1.0
544	667	0.9834316508967799
196	55	0.9565399975941472
258	539	0.7686097884816243
418	426	0.6583004368005156
778	560	0.7136454812836592
655	229	0.9912956357297731
125	359	0.6783000795354905
486	486	1.0
712	421	0.7260447886590209
420	10	0.9702699531238621
161	729	1.0
196	397	0.956136778808406
546	649	0.9478365885158972
492	372	0.745777804512673
420	359	0.9476473050836485
396	606	0.9932069147597249
63	492	0.9367951887750107
420	350	0.9594249735583673
115	426	0.9393625886150878
242	672	0.732966091211379
47	665	0.993191180830319
196	307	0.777341605748609
589	109	0.7293780828487135
585	152	0.7028327910629368
115	420	0.6987997909288423
585	155	0.7686097884816243
541	630	0.9694895575496492
531	790	0.6783000795354905
48	657	0.739795632702069
636	462	0.6638676925544071
189	426	0.635563814750012
235	790	0.7352226586120914
243	657	0.6783000795354905
344	372	0.7350244121294017
213	170	1.0
803	237	0.7196912137267062
629	591	0.7177989933675543
62	413	0.9840415348298389
338	480	0.9396991635454622
479	542	0.702325406608943
242	663	0.7280273530496374
534	764	0.9472314090652744
540	650	0.8995950087570513
539	708	1.0
766	686	0.6706745852153264
48	643	0.7328824712761389
514	122	0.6386874888473711
105	570	0.9712025055721111
241	672	0.7686097884816243
536	740	0.5759728108499406
250	525	0.946781240888189
481	481	1.0
540	658	0.8219571698085759
778	503	0.9245436197342822
189	417	0.9785580362806728
636	479	0.7199334151836362
778	509	0.6879461278801472
737	196	0.941012222204784
178	589	0.7003363772552302
542	635	0.7398110919074219
344	361	0.7304380857211865
640	44	0.6638698921064328
483	462	0.6646889692860105
242	658	0.7256597361940077
483	464	0.6316926311167355
242	657	0.8089284583307069
643	359	0.9221626345841271
52	560	0.6392537404446733
242	653	0.6689240317960917
589	129	0.718637132608244
47	642	0.7248222996630983
540	663	0.6963976988469603
509	234	0.9653394560654962
345	345	1.0
702	533	0.9496127380723947
586	168	0.7028534462564484
44	681	0.8781902086694146
184	462	0.6727851929150142
702	534	0.7795068701509249
703	521	0.9649227987990477
730	3	0.6557390332002747
506	275	0.9745617764604458
217	105	0.7207457328006294
643	361	0.9418532742787679
730	5	0.7248698604946029
242	649	0.9554420278479928
653	205	0.6638698921064328
338	462	0.7030465142529484
738	199	0.7390498800284014
56	507	0.6574732088453762
241	657	0.7686097884816243
182	481	0.7350535260856522
241	658	0.7371161312509511
639	459	0.5858454164058257
176	593	0.5786224923212823
585	183	0.6700231632975019
185	442	0.9441025129991397
546	605	0.7177200257551556
344	344	1.0
803	262	0.730267808161604
39	778	0.7461842399946429
212	157	0.7976866152025291
238	725	0.7522582478375948
643	372	0.7550102519032773
18	148	0.6520715046149637
704	525	0.6655831645578568
544	635	0.7194208731218255
63	434	0.9842316694502008
248	642	0.6607007140731909
125	309	0.6783000795354905
756	792	0.6913954061239714
125	301	0.7373336903021667
801	217	0.7048472129551687
108	586	0.6903187052488794
420	301	0.9663724496484188
586	108	0.6903187052488794
385	725	0.7579898128066294
189	462	0.6396968131900418
238	795	0.9653394560654962
507	204	0.9302652719317839
238	790	0.739795632702069
643	307	0.7898105038895397
413	420	0.7125362621283547
629	554	0.9909363812097502
766	642	0.6607007140731909
764	672	0.7059647326766627
217	158	0.7225108413501868
764	674	0.7050061755567871
57	542	0.8513723385894655
775	504	0.9472113115523549
413	413	1.0
468	686	0.6468371474527818
534	730	0.6689240317960917
53	570	0.9661387903475132
635	450	1.0
540	621	0.7219376456106611
474	578	0.6561887178300246
766	657	0.7340786823775176
758	790	0.7256597361940077
250	554	0.7595694168108001
185	492	0.6432897088981417
382	740	0.6582047293274993
640	359	0.6689240317960917
310	712	0.6638698921064328
541	614	0.5924501565367664
701	509	0.6592360255588646
632	492	0.6562626611765789
542	602	0.7168563376133823
738	152	0.6760179356778019
117	413	0.6864695516203783
47	691	0.6955188764500193
764	686	0.7177989933675543
738	155	0.7135353666613412
344	48	0.7149851535034158
345	33	0.9484843348823505
242	686	0.7256597361940077
766	663	0.6555374105214009
344	45	0.9583718957219907
640	361	0.6783000795354905
310	709	0.6468371474527818
541	621	0.7522582478375948
481	462	0.732966091211379
109	541	1.0
702	507	0.8444344992934387
248	608	0.9734208301924062
51	595	0.7451132863514439
578	275	0.9800441942088887
243	663	0.6894278660464825
52	583	0.9772939318592243
474	590	0.719508561398611
236	702	0.7335856551730093
41	653	0.6783000795354905
130	5	1.0
463	686	0.7489631163854349
180	450	0.732966091211379
756	756	1.0
207	207	1.0
464	678	0.7042641327024967
753	790	0.6689240317960917
698	573	0.7341069719572519
39	725	0.7492784667871962
44	623	0.6609596460368959
13	157	0.6583004368005156
44	629	0.7050061755567871
205	225	0.7194208731218255
733	155	0.6783000795354905
32	790	0.7462104397900982
169	657	0.7522582478375948
625	560	0.5985764840125356
756	764	0.9543507575629235
697	591	0.7592347042009957
640	307	0.6609596460368959
635	407	1.0
631	450	0.7412664573289433
206	206	1.0
635	409	0.7455613144212093
631	452	0.6990176898007111
167	672	0.7167753539586136
698	584	0.9353302147375653
34	778	0.7240547448831008
737	117	0.6638698921064328
727	278	0.9653394560654962
467	657	0.7947975525747156
468	642	0.5985764840125356
467	658	0.8055654622104899
281	151	0.5774864834891672
733	165	0.6783000795354905
330	483	0.7584150288937982
169	642	0.7686097884816243
278	225	0.737140444125187
531	733	1.0
167	663	0.7146023045092893
636	409	0.7522582478375948
758	758	1.0
728	270	0.7217295325862767
39	709	0.7686097884816243
758	757	0.9896852011036584
204	219	0.96872816178723
200	262	0.6646889692860105
627	556	0.9699236531804625
331	462	0.7248698604946029
41	621	0.6783000795354905
165	682	0.8140050790326192
534	702	0.7795068701509249
635	421	0.7891041333569058
269	361	0.9634106911953441
167	658	0.7445638894181059
762	676	0.7292391226389148
481	421	0.7973149757526674
167	657	0.7158063085218079
764	650	0.7110468586717551
167	650	0.904287763965083
627	564	0.9625022497372984
467	672	0.7779811321713732
560	62	0.9218691449698074
84	164	0.9440183494669185
331	452	0.6915954706469851
166	660	1.0
764	658	0.7672286153813307
764	657	0.7177989933675543
204	204	1.0
727	217	0.6836881105569448
41	698	0.7249482881417163
15	165	0.6585288071559555
559	463	0.7218042567616941
459	733	0.5858454164058257
753	753	1.0
182	462	0.6542015451779339
698	534	0.7381712055845313
462	661	0.7522582478375948
100	590	0.9247577614501794
269	81	0.7462104397900982
558	481	0.9584089241672469
750	792	0.6327238034916461
689	689	1.0
728	217	0.6615498041696319
184	437	0.9792097213690966
204	270	0.6816439091466135
623	547	0.9734932627289408
463	658	0.7562366995164489
53	507	0.6944494308459622
288	117	0.5985764840125356
238	707	0.9653394560654962
278	278	1.0
730	156	0.8770868867579281
178	544	0.7067398340807975
48	609	0.7397523348928742
718	39	0.6920059035500254
237	713	0.945503116058132
205	258	0.7455613144212093
698	546	0.8878111606401774
694	591	0.7430924586911989
754	754	1.0
627	507	0.7067852434358307
180	475	0.9653394560654962
267	99	0.8874195313564058
285	145	1.0
268	80	0.8709533573053809
756	730	0.6557390332002747
573	237	0.7379060646657514
464	653	0.6783000795354905
459	754	0.6403871423088774
44	640	0.6638698921064328
789	81	0.7340754177041132
761	635	0.6783000795354905
464	657	0.7248698604946029
283	168	0.6585288071559555
620	591	0.739795632702069
44	642	0.6638698921064328
631	420	0.9102072498413964
18	117	0.5282565601956145
106	503	1.0
277	277	1.0
631	426	0.6892707148862726
621	585	1.0
401	509	0.5985764840125356
728	230	0.9523880999065306
621	589	0.7893400821445345
698	559	0.8730239922627304
462	686	0.7686097884816243
180	462	0.6783000795354905
754	768	0.9498297693083765
51	508	0.9438629765855512
755	755	1.0
734	122	0.6800235655925588
623	567	0.9734932627289408
761	642	0.7686097884816243
169	672	0.9554420278479928
344	301	0.7112561232843175
287	109	0.6783000795354905
183	420	0.734810662750704
105	509	0.6621228579701559
457	790	0.4114083047470608
573	250	0.7579898128066294
330	420	0.9663946823018054
319	638	0.9892503898829204
789	361	0.7538058576979313
429	204	0.935150456048771
67	48	0.7116963438239714
548	593	0.9646914917418378
31	733	0.5282565601956145
262	397	0.8026150441284893
258	483	0.6615498041696319
423	270	0.5838479544355429
157	764	0.7074583081089387
659	155	0.7177989933675543
298	803	0.6574237667135728
605	790	0.5903056163821541
129	258	0.6638676925544071
716	350	0.5830495795996853
83	122	0.7773051582359977
430	149	0.9800024445298151
200	200	1.0
270	255	0.9953513131315544
556	462	0.6591088864064013
133	165	0.6783000795354905
716	359	0.5985764840125356
359	196	0.8693183305470813
433	109	0.6588053708022984
63	81	0.7489631163854349
154	790	0.6783000795354905
750	750	1.0
418	363	1.0
595	803	0.7448757917857786
262	385	0.8026150441284893
81	136	0.7462104397900982
554	492	0.9704458633925239
321	559	0.6396968131900418
421	289	0.9818021763416194
317	642	0.6689240317960917
417	372	0.7340754177041132
686	686	1.0
117	80	0.5985764840125356
803	5	0.6727851929150142
78	217	0.7293484839139381
621	539	0.7522582478375948
658	180	0.8696377569467264
657	196	0.8297282679820359
359	184	0.7918138381419725
698	507	0.7539052346664916
418	359	0.6585288071559555
609	762	0.9694895575496492
459	711	1.0
72	270	0.6432403400558376
389	661	1.0
307	790	0.7522582478375948
417	361	0.9520834896519539
730	122	0.6587635897860918
67	372	0.6622191493340994
27	802	0.7462104397900982
621	540	0.7219376456106611
686	698	0.7452612070791041
413	62	0.9840415348298389
621	541	0.7522582478375948
687	687	1.0
714	53	0.7940777913956126
83	109	0.7262009921460433
578	3	0.6574237667135728
453	790	0.6442009980604739
158	725	0.6689240317960917
558	462	0.7228362653065443
557	479	0.6543987673759458
63	63	1.0
71	270	0.9907564114997218
658	196	0.8545723436911895
659	183	0.6907777808362184
614	672	0.7154200144845765
464	621	0.7248698604946029
712	81	0.5985764840125356
614	678	0.6559880615479946
459	727	0.6319507538472735
422	250	0.7579898128066294
125	270	0.7450426821759206
67	361	0.7349337837176696
725	238	0.7522582478375948
359	169	0.8402640811923783
165	672	0.9532157239492893
13	109	0.7686097884816243
269	359	0.8063576661486164
319	677	0.9892503898829204
679	751	0.9653394560654962
319	672	0.7500721613372158
658	122	0.8159679148745117
433	157	0.735809811244151
168	636	0.9855706870837669
69	69	1.0
557	409	0.5985764840125356
428	254	1.0
333	420	0.7526152611729053
78	269	0.6783000795354905
317	691	0.6401263958234511
560	333	0.6783000795354905
682	682	1.0
165	663	0.9228288300695524
792	258	0.7431593774612328
602	792	0.855395772145607
203	203	1.0
77	262	0.5985764840125356
658	131	0.8458025887720384
689	602	0.6200709242839043
658	133	0.8181990662009275
554	450	0.6783000795354905
614	614	1.0
33	746	0.9510909867526135
321	595	0.7080667015018168
166	641	1.0
165	657	0.7522582478375948
682	694	0.9921488633776279
34	736	1.0
67	67	1.0
319	657	0.7116043937333019
657	155	1.0
328	507	0.6535582963304275
548	571	1.0
261	81	0.7522582478375948
453	740	0.6016664169062897
31	753	1.0
136	155	0.7686097884816243
679	778	0.6883344541050073
709	450	0.9262214692051475
548	578	0.8145370012592567
281	109	0.6585288071559555
609	725	0.7579898128066294
331	426	0.7166041778338774
560	350	0.7320825137458328
686	657	0.7522582478375948
33	738	0.9510909867526135
712	39	0.6638676925544071
687	647	1.0
678	790	0.7005086807442645
12	109	0.6689240317960917
270	270	1.0
34	709	1.0
657	162	0.9804122041295175
621	507	0.7906096320526335
462	602	0.886417690439243
319	642	0.6619412052291519
714	361	0.745738829769392
327	507	0.6613760792738097
558	428	0.7025298522869241
399	531	0.6783000795354905
200	217	0.9597236580441981
686	661	0.9664677072507066
614	635	0.6713561832895403
560	361	0.6783000795354905
426	241	0.7459510694443862
605	789	0.6199218388631487
787	389	1.0
748	802	0.9853338460596134
540	361	0.6669344487552048
666	666	1.0
666	665	0.8647231678511758
403	270	0.7210397632089665
545	307	0.7127438252018782
243	39	0.6713561832895403
401	297	1.0
141	672	0.7522582478375948
140	686	0.7342374404545382
250	257	0.957630907906655
659	790	0.7348128240125672
47	47	1.0
243	34	0.6638698921064328
702	236	0.7335856551730093
542	345	0.9369747231111897
733	709	0.6638698921064328
433	760	0.9206819124472221
775	250	0.6462229949785029
47	48	0.6865495611513734
250	250	1.0
117	117	1.0
108	261	0.693713303999708
639	155	0.6638698921064328
704	217	0.7146049316512046
63	121	0.746830559238686
142	657	0.6638698921064328
13	710	0.7438510587285114
142	658	0.6561887178300246
203	803	0.9650318923535363
467	81	0.6570012713602936
52	278	0.9492136433138891
12	708	0.9785580362806728
536	462	0.5985764840125356
668	653	0.6579615212662262
733	716	0.6783000795354905
734	703	0.5213593275805303
185	185	1.0
140	672	0.7463810660417983
734	709	0.6646846079386131
189	133	0.6579615212662262
730	756	0.6557390332002747
248	307	0.6654145195702622
237	479	0.7073215132771419
84	740	0.6055790151172631
57	225	0.617844203595184
732	732	1.0
701	262	0.6412491012349977
141	657	0.7256597361940077
702	250	0.8778577412759654
402	262	0.7415273654726918
243	18	0.9653394560654962
382	426	0.6727851929150142
141	650	0.7357509220878683
486	157	0.6490453313583707
115	120	0.9555022078124705
668	668	1.0
91	603	0.9800931262593151
678	507	0.76845191440157
382	420	0.7167740679872637
184	184	1.0
241	31	0.7455613144212093
241	32	0.9664677072507066
47	372	0.6943354233229069
676	535	0.9557889874894886
48	361	0.7538058576979313
83	745	0.7735759131847396
666	698	0.6352798931491707
115	115	1.0
242	361	0.7462104397900982
733	733	1.0
668	672	0.6638676925544071
140	657	0.7205128784554046
241	372	0.7455613144212093
702	262	0.7553226289793286
136	743	1.0
668	674	0.9246993935835165
301	533	0.9905454892271495
702	265	0.960634042719955
140	655	0.9907564114997218
109	225	0.9483485104802879
250	224	0.962497349391433
185	165	0.5985764840125356
712	108	0.7264822693805321
433	792	0.6552751322937579
55	225	0.7809555563339621
602	539	0.6540258864779478
108	233	0.8858115913849334
468	45	0.9785580362806728
639	183	0.6323381056065175
704	242	0.9099776164470286
183	189	0.9444330476447707
433	797	0.8784970359347881
557	8	0.7686097884816243
51	270	0.7060204991915399
229	591	0.7413375855186175
83	732	0.9626002199987304
47	361	0.7392334448496388
44	52	0.6367024970710394
242	359	0.7579898128066294
44	51	0.6638698921064328
183	183	1.0
48	350	0.7359061042123458
450	512	1.0
51	278	0.697427812991021
666	621	0.6579615212662262
258	205	0.7455613144212093
47	81	0.7193481604011828
248	361	0.6727851929150142
152	542	0.8229050851193564
151	559	0.7024676737712436
635	157	0.7531894826910178
389	401	1.0
146	657	0.6783000795354905
540	328	0.9392230689432189
540	329	0.9412492405519353
657	778	0.7831631192946958
481	152	0.789444789998227
758	492	0.7462104397900982
283	740	0.6442905475047241
663	663	1.0
92	657	0.5985764840125356
88	740	0.5808431438691728
88	747	0.7686097884816243
189	189	1.0
242	81	0.665232566662366
528	555	0.7683491743676852
310	450	0.6468371474527818
309	507	0.8119602004512633
248	359	0.6669344487552048
189	183	0.9444330476447707
775	219	0.9780902629548218
180	5	0.732966091211379
666	635	0.6579615212662262
262	109	0.7415273654726918
55	280	0.9791474418674194
307	529	0.7430514875840589
479	229	0.7305405692954444
147	630	1.0
307	523	1.0
672	525	0.787591556313922
663	672	0.8565541116209987
657	789	0.9220612008554824
91	658	0.825263559618075
481	165	0.7522582478375948
663	676	0.8093578235906875
619	96	0.5858454164058257
92	646	0.9308837478582533
409	229	0.7452758899748684
154	503	0.6783000795354905
67	105	0.9770956076124914
629	286	1.0
479	237	0.7073215132771419
261	108	0.693713303999708
91	643	0.9875290294210198
151	534	0.6396968131900418
91	642	0.7435580173894587
536	435	0.9515554105990663
146	633	0.5985764840125356
141	691	0.7259154198315363
251	262	0.5903056163821541
382	462	0.6783000795354905
433	740	0.63213689005582
57	252	0.9176968390730887
12	740	0.6388286617131006
189	165	0.6579615212662262
544	301	0.7158063085218079
148	609	0.9286675520686185
483	157	0.6864034075198224
534	463	0.7256597361940077
403	285	0.9785580362806728
385	420	0.882892264090949
539	409	0.6638698921064328
48	385	0.7579898128066294
238	492	0.7218777031624208
63	128	0.9842316694502008
142	672	0.6585288071559555
115	154	0.7256066352100378
301	578	0.8297928882062316
481	182	0.7350535260856522
115	152	0.6862552918846632
573	801	0.6689240317960917
382	455	0.9694895575496492
310	429	0.9274448610253851
251	251	1.0
250	262	0.8026150441284893
109	262	0.7415273654726918
730	730	1.0
674	525	0.6655831645578568
189	155	0.6396968131900418
48	48	1.0
281	730	0.6528660901079357
243	389	0.6783000795354905
189	154	0.6579615212662262
409	205	0.7686097884816243
413	117	0.6864695516203783
756	471	0.9454198216819274
595	595	1.0
756	470	0.9454198216819274
372	525	0.7498651469900348
761	372	0.7538058576979313
721	802	0.9634106911953441
464	48	0.7199334151836362
47	307	0.758363051209976
236	420	0.737741194639077
661	642	0.6783000795354905
524	559	0.8114433016107938
225	595	0.7399840807046996
47	309	0.9236486953009756
631	165	0.7343547235102449
762	368	0.9804122041295175
663	623	0.9089331181563448
658	725	0.9219177372876746
636	109	0.7430514875840589
333	183	0.7544277115616063
168	48	0.7220256611524406
105	217	0.7207457328006294
242	301	0.8811464895884413
633	146	0.5985764840125356
464	39	0.7078928470978919
319	81	0.7258483197237982
474	243	0.5985764840125356
180	165	0.6638698921064328
529	507	0.7310167530172258
661	658	0.6755829967222045
229	539	0.6999210263754189
661	657	0.7686097884816243
762	372	0.9804122041295175
772	217	0.6583004368005156
133	714	0.9304931395883616
44	333	0.6783000795354905
468	361	0.5985764840125356
467	377	0.9387141441899395
328	270	0.8119924302602897
167	394	0.95801962505499
518	685	1.0
528	528	1.0
41	357	0.5985764840125356
661	661	1.0
167	48	0.7154278328695609
540	301	0.6851081221223484
361	672	0.9554420278479928
39	421	0.7730392496090199
627	270	0.9583500105688751
169	361	0.7686097884816243
168	372	0.7276391796571026
761	53	0.8244842475521098
518	690	1.0
518	691	0.7146705882366927
629	250	0.7634248928964038
182	122	0.6984705069533331
770	250	0.7522582478375948
100	251	0.9664677072507066
327	270	0.6665139619426167
661	672	0.6783000795354905
479	205	0.7415273654726918
130	736	1.0
529	529	1.0
169	359	0.8402640811923783
525	575	0.9815987566290606
333	155	0.7686097884816243
168	361	0.7462104397900982
761	63	0.6638676925544071
328	250	0.7522582478375948
770	262	0.8517188336766753
409	5	0.7686097884816243
100	243	0.5985764840125356
775	204	0.9905454892271495
534	433	0.8680660007849902
699	237	0.7080204629722061
115	108	0.940598350845553
755	440	0.9664677072507066
754	459	0.6403871423088774
402	243	0.6638698921064328
169	81	0.6783000795354905
48	333	0.7538058576979313
468	309	0.5985764840125356
625	230	0.9520834896519539
168	91	0.9524496433949446
236	463	0.7042612233436467
168	93	1.0
689	52	0.9753782797721114
459	459	1.0
184	165	0.6783000795354905
803	790	0.727162380838802
592	592	1.0
525	507	0.735736998010545
625	237	0.5885508626347815
133	764	0.7373336903021667
338	165	0.7358536889795995
44	44	1.0
764	306	0.8664638399953999
182	182	1.0
359	790	0.957630907906655
462	389	0.7522582478375948
623	269	0.7037756378729207
241	355	0.9664677072507066
633	108	0.6607007140731909
464	361	0.6638698921064328
524	524	1.0
459	464	1.0
109	205	0.7522582478375948
168	82	1.0
762	330	0.7384356815300075
130	790	0.6783000795354905
758	420	0.7359542176411957
657	709	0.7686097884816243
183	167	0.6947426786588287
631	138	0.9697517279710662
593	593	1.0
238	420	0.721855674734356
44	32	0.6783000795354905
650	790	0.735178516516312
633	117	0.5924501565367664
459	473	1.0
524	534	0.6689240317960917
181	181	1.0
595	578	0.7424581348892174
525	525	1.0
658	700	0.9442389333459595
178	258	0.6638698921064328
133	748	0.6783000795354905
658	701	0.9051042255034129
653	762	0.9694895575496492
81	725	0.7686097884816243
655	740	0.6125217573108963
237	422	0.7234948955256899
595	584	0.9033312038851045
761	361	0.7686097884816243
180	188	0.9664677072507066
52	217	0.6761689289364115
756	463	0.8529200504433057
41	41	1.0
39	450	0.7686097884816243
357	792	0.880328521800822
185	122	0.5813404071171887
525	533	0.9716878399150912
463	69	0.7128855283229647
