47	81	0.8066055232658729
702	270	0.8792562235923983
711	121	0.8009839039163498
450	512	1.0
676	548	0.8652166129884302
117	167	0.8977013667717212
544	357	0.7750960999279715
152	545	0.8520566774611066
88	740	0.8142107631271112
151	559	0.8003439016103842
433	797	0.9101661873330866
92	657	0.8100262141645848
704	242	0.9282724652264623
283	740	0.7675556339144353
730	774	0.9056581896673005
639	183	0.8438451518516837
146	657	0.814400303081658
433	792	0.8076641621487333
248	19	0.963770453027606
602	539	0.8322769772717712
189	189	1.0
242	81	0.8600402578227179
702	265	0.9705275702878318
310	450	0.7061419348705538
702	262	0.8567793054921131
668	672	0.8154320766522035
668	674	0.9612502655947136
733	733	1.0
91	672	0.9436961727712965
385	469	0.9563419540213693
148	647	0.8974963333375634
96	619	0.8145737771924472
539	464	0.8062561161538686
541	53	0.7812163037113414
539	462	0.8611770884802069
307	545	0.8536752446605754
243	89	0.9801779971952881
48	51	0.8665456346001481
310	463	0.8252251957862184
734	734	1.0
154	526	1.0
18	709	0.7978507251504168
602	542	0.8420138013809692
672	573	0.972243047480896
148	616	0.9928419632640174
241	81	0.8578223301173048
701	262	0.8335802988604954
91	642	0.8028187676340608
91	643	0.9899926646980222
732	732	1.0
261	108	0.8163203269557132
730	756	0.8017025898796413
12	740	0.8476851094726982
251	262	0.6514986902199595
243	53	0.8449803455317404
141	691	0.8510751072383593
734	709	0.8032483097256928
151	534	0.8237531792884305
382	462	0.7926752840618504
88	729	0.8855250163912429
146	633	0.8264704231172875
766	67	0.9717642363569121
734	703	0.8004923691649113
48	83	0.8485444919032951
674	540	0.8467755449105496
668	653	0.831624464795021
733	711	0.8395263759382134
55	280	0.9814691539155381
180	5	0.8280824734925661
189	183	0.9671200407087255
248	359	0.8285403836545914
666	698	0.8539360076474839
56	270	0.7902400075780673
91	658	0.8800475455953313
20	617	0.8648579393450728
676	535	0.9847392979268078
479	287	0.8484852832746912
262	109	0.8640227573206698
67	105	0.9837810807040605
147	630	1.0
13	740	0.8882932744249967
307	523	0.9898866719862192
486	157	0.7682384236020426
733	727	0.8135873185989891
668	668	1.0
409	229	0.9092765426446822
764	99	0.8268542168427323
109	281	0.8275005249471271
702	250	0.9249715566133273
20	663	0.8241313839931194
738	725	0.8434465306559347
737	737	1.0
5	601	1.0
67	152	0.8573459914112518
67	155	0.8501556641890207
409	281	0.8346748008449839
801	802	0.8403697017254547
262	151	0.8821186804348348
18	733	1.0
13	792	0.8191625850811086
151	595	0.8390234987127771
801	801	1.0
261	165	0.8205083088289827
157	525	0.8048534994581571
152	585	0.8434382977727681
545	39	0.8725379610790179
785	163	0.9958914009522779
155	545	0.8687238777212141
321	321	1.0
310	497	0.9614413435234509
744	605	0.7553582716963523
738	738	1.0
738	735	0.9983176269353222
452	542	0.916136902353745
802	801	0.8403697017254547
802	802	1.0
542	83	0.8720174303754442
258	258	1.0
152	591	0.844029632528725
288	736	1.0
691	330	0.8788555988971357
69	140	0.9746904656671084
609	507	0.8355880633800447
714	133	0.8640992327425764
152	596	0.9073356292577244
417	155	0.8169190537052995
554	241	0.8710585322146891
317	426	0.7867572559827761
417	152	0.8377828874315422
283	790	0.7716822293182066
602	586	0.8120997983305278
737	719	0.9216059934471542
5	627	0.8421470261603745
546	350	0.8354385378568554
310	481	0.7667723525050437
539	479	0.8321910867367777
409	262	0.8333162943753469
560	104	0.9734827020001171
5	621	1.0
157	506	0.8054120509031852
686	401	0.9519441629690553
545	361	0.826299446885415
605	522	0.9765506031796747
151	574	0.9946716835628734
578	803	0.9772851234283965
712	122	0.8629330627808419
96	633	0.8172634755652669
96	635	0.8085804949524942
290	654	0.8835184410439942
20	657	0.7842028067034745
711	152	0.8543806625980048
290	658	0.8383081739380549
20	658	0.8395986508641949
20	659	0.9503860060554271
92	686	0.8394242665415489
117	191	0.9675726440816148
691	317	0.8767828610797481
67	143	0.9837810807040605
258	237	0.8810767593214718
545	372	0.801243622638973
262	141	0.869108259599308
99	605	0.818351729549324
418	122	0.8602448042357181
789	102	0.9810467584517035
778	278	0.8427322973191301
151	582	0.9946716835628734
635	152	0.8423673557054818
534	433	0.9014973224274415
183	183	1.0
242	359	0.8862926288297986
666	621	0.8557645120966269
775	204	0.989908145280891
44	32	0.8456329281235874
168	93	1.0
402	243	0.7722331481807932
131	790	0.830574765105086
236	463	0.8176478209900199
169	81	0.85313304091144
184	165	0.8250091662852471
761	63	0.8187223798068446
168	91	0.969158421243075
133	764	0.8459720115273064
53	243	0.8449803455317404
525	575	0.9878698111791
479	229	0.9006602316583754
109	229	0.8233932426080371
140	657	0.779656872189377
136	743	1.0
241	372	0.8638313612016695
301	533	0.9946353452053783
55	225	0.8629926858248765
242	361	0.8828384468795867
81	758	0.880694071644501
51	270	0.8956090756828047
115	115	1.0
113	137	1.0
140	655	0.9962036892611538
109	225	0.9584190210963516
83	732	0.9839743670499748
663	663	1.0
47	361	0.8459599177760118
51	278	0.9033082813837477
185	165	0.8156404619109999
758	492	0.881615406489508
53	250	0.8437877002397506
481	152	0.844029632528725
108	233	0.9381700656880291
241	27	0.8622329689190097
468	45	0.9810810541908008
183	189	0.9671200407087255
635	157	0.8579831339170666
661	661	1.0
528	528	1.0
238	420	0.8270291159443793
181	181	1.0
518	685	1.0
44	52	0.8725412075688171
401	231	0.9820067208757083
44	51	0.8728589541412886
468	361	0.8756005112293904
235	451	0.9804667482674811
51	240	0.9684233657155848
51	246	0.9684233657155848
772	217	0.8134176709934353
661	658	0.8289918834423762
661	657	0.8822659670054674
178	258	0.7554651292661144
661	672	0.8363809303734882
529	529	1.0
241	359	0.8825810027335375
182	182	1.0
359	790	0.979679544034533
338	165	0.8675297390751426
243	331	0.860931309000755
44	44	1.0
629	250	0.9089599428236155
168	82	1.0
39	479	0.8511214768249474
518	691	0.8400991273594022
518	690	1.0
241	355	0.9753901858819168
51	250	0.9024367588132913
130	790	0.8540077141738407
761	53	0.8126191287093062
113	113	1.0
627	270	0.9545153520530877
663	640	0.8887792702923699
108	217	0.805866009528947
663	642	0.8901471857765677
113	111	1.0
540	301	0.8648890195920262
183	167	0.8514995014121558
413	117	0.8477089533361918
545	307	0.8536752446605754
189	152	0.8362411374513672
241	63	0.8756923458714883
666	666	1.0
666	665	0.9470613995876634
243	39	0.81496707750914
403	270	0.8466673791549829
401	297	0.9820067208757083
142	663	0.8579940901334964
113	169	1.0
730	730	1.0
674	525	0.8685228570754706
141	672	0.8853609673186698
140	686	0.8349137181091183
250	257	0.9733996969273212
13	710	0.8970130763331414
573	801	0.7809837746339634
63	121	0.8934737491894511
117	117	1.0
108	261	0.8163203269557132
250	250	1.0
63	128	0.9912411409288271
481	182	0.8350683166557868
536	462	0.7693566067755713
403	285	0.9876722580206426
148	609	0.9604816257961313
385	420	0.9121298542880112
704	217	0.8194249077360439
142	672	0.8382050208147909
639	155	0.7543018282260182
115	154	0.8379122701038254
639	158	0.9838287266603265
301	578	0.919064775909961
238	492	0.81924336238383
433	760	0.9140760901768544
251	251	1.0
382	455	0.9741449654086644
602	509	0.7966785511451933
775	250	0.8328584941375945
115	152	0.7863142348379962
301	574	0.892695874538394
702	236	0.8477288196368566
542	345	0.9427098838298003
310	429	0.9602161489346261
281	730	0.8520221682767608
659	790	0.8546286632518645
189	154	0.8595111662398642
243	389	0.8592981670141364
109	262	0.8640227573206698
237	479	0.8523247488090243
772	262	0.8442996946590465
764	51	0.8405089786986472
629	286	1.0
479	237	0.8523247488090243
91	603	0.986025246149008
44	99	0.9129269747086506
243	18	0.985509783595008
150	509	0.8740192872758926
382	426	0.8124213076802429
629	281	0.8446873619665207
402	262	0.8074856037295834
48	48	1.0
83	740	0.9014534004481244
141	650	0.8791731220126214
47	372	0.8643769265116373
115	120	0.9567888520648482
83	745	0.8518379538605451
663	676	0.9046134548728739
382	420	0.8270291159443793
619	96	0.8145737771924472
672	525	0.8964286021327631
241	31	0.9143126611848099
663	672	0.893223250788503
657	789	0.9343747249717089
241	32	0.9753901858819168
52	278	0.9711856338060489
764	44	0.8421178958443892
184	184	1.0
203	803	0.971158021035202
142	658	0.8441892877845447
467	81	0.8182194328373635
666	653	0.8610168532273301
539	409	0.8045789302093644
635	182	0.8552987466044127
142	650	0.8477923699082047
544	301	0.7733116865265842
483	157	0.7693644410850123
534	463	0.849530984314782
44	84	0.9140573335496432
185	185	1.0
433	740	0.8307808727887183
140	672	0.8224099798352424
47	48	0.8236268404870348
84	740	0.8932067171185496
57	225	0.8041773372685549
47	47	1.0
189	133	0.8341688422088134
536	435	0.9483593814447062
650	772	0.8598569535121322
754	459	0.8184838767186531
594	562	0.8917767423959863
699	237	0.8387926629622352
100	243	0.7394332401273637
422	801	0.7843329472433578
166	39	0.8375799062711804
623	250	0.8688811167751418
593	571	0.9747383196772224
165	396	0.8604919584099368
753	462	0.7932902273811757
462	26	0.9192429397543925
165	48	0.8844460154906707
182	109	0.8127952797244248
625	225	0.7953142118127859
621	270	0.8278247044980712
591	591	1.0
802	790	0.8511871368165436
625	220	0.9664994451852164
319	48	0.8451712157830156
524	507	0.8326784827475278
620	281	0.8514263026909702
100	251	0.9535962822600326
327	270	0.803468262077978
623	269	0.8425955738461743
633	108	0.7668044330171266
182	122	0.8652682589764227
764	306	0.9186511361396914
169	359	0.9030864870117125
130	736	1.0
525	509	0.8835779152092571
803	790	0.893597440590278
592	592	1.0
625	237	0.8052925894229697
462	38	0.9216524701829322
650	778	0.8587331953852833
328	250	0.8564247146691011
464	357	0.8709138937827735
459	459	1.0
41	356	0.9667863422354056
41	357	0.7924525750070242
468	309	0.7426649822271909
168	361	0.8986318701290993
625	230	0.9606191398369346
686	67	0.867495934253942
330	169	0.9509701893724098
590	590	1.0
699	212	0.9740353077818215
457	457	1.0
694	270	0.864408128013244
399	268	0.8767263626858959
559	151	0.8003439016103842
333	122	0.8902036288770366
298	549	0.9080472354774045
595	540	0.8654540060765419
589	657	0.8652338307155585
686	78	0.8616104571952927
589	653	0.8582202996367666
623	241	0.8375366743317362
131	706	0.940769035581877
327	250	0.8681400181901062
522	522	1.0
225	541	0.9584190210963516
457	462	0.8061601255454187
467	304	0.9512329639575297
421	802	0.8205033160955482
34	452	0.8477804567721496
361	643	0.9656734740913463
169	330	0.9509701893724098
167	359	0.8673910806674411
421	801	0.8185448173825884
31	492	0.8570850529447434
591	581	1.0
745	589	0.8458631241709557
298	559	0.8061149257955462
595	595	1.0
47	307	0.826270926755911
721	802	0.9680049373190718
47	309	0.9455271693180761
756	470	0.9653698547889182
105	229	0.7982811493860609
372	524	0.9059105711785144
236	420	0.8655158598119337
372	525	0.8943944318988116
225	595	0.8463181855188636
467	359	0.8709402041885846
531	426	0.8161598006081401
481	102	1.0
474	228	0.8861208313893935
525	533	0.9842540213339283
689	83	0.8973656865991735
333	183	0.8781001876997429
133	723	0.9702792171265506
756	463	0.9000921664897324
52	217	0.8272697694843318
474	243	0.838419822981191
529	507	0.8023700971484553
237	422	0.8946535451439966
39	450	0.8505755138815846
633	146	0.8264704231172875
44	357	0.832145856255627
357	792	0.8746273645760189
180	188	0.9633571327177293
663	623	0.9437467979858539
357	790	0.8520911768646195
658	725	0.9308527890890009
636	109	0.8579575656027931
185	122	0.7975161771076655
463	69	0.8491703321781765
631	165	0.8525349630289625
180	180	1.0
333	199	0.8664774761834207
661	642	0.7316846826617918
524	559	0.7994789659664302
338	138	0.9680159235264999
589	689	0.8569267489928948
633	117	0.8018258443278872
459	473	1.0
182	132	0.9227015678359081
328	270	0.8494800875861643
650	790	0.889587042922094
372	509	0.8875319605659245
593	593	1.0
631	138	0.9833093558090704
657	709	0.8556640569263047
361	672	0.9659636841385003
169	361	0.8894735824133382
758	420	0.8890272680091778
762	330	0.8907807311500975
41	41	1.0
524	524	1.0
459	464	1.0
168	372	0.8934654988327908
133	702	0.8684088006462231
168	48	0.7772176353643806
595	584	0.9195985439748353
242	301	0.919791696884499
761	361	0.8594570489157797
655	740	0.8862518844262283
105	217	0.8298897525423057
594	594	1.0
319	81	0.8804657275153597
464	39	0.8298251851131485
180	165	0.8205881636561971
658	701	0.9435347952535463
463	41	0.9559364358017597
658	700	0.9488946024355781
525	525	1.0
133	714	0.8640992327425764
524	534	0.7998137865063121
595	578	0.8536903765879016
578	756	0.8340665019336942
507	714	0.8825570276977166
205	792	0.8076307034887646
452	452	1.0
52	5	0.8148361250061612
319	319	1.0
738	647	0.9983176269353222
578	757	0.9772851234283965
170	213	1.0
259	152	0.7256845073476733
738	642	0.8816486181996491
258	165	0.8489070069629807
802	711	0.8403697017254547
686	344	0.859550837123859
740	574	0.9417410568378601
258	161	1.0
160	367	0.9206150204096186
20	590	0.9341876353372262
585	621	1.0
503	755	0.9725471644010828
217	602	0.9532349519288753
678	479	0.8417051527223083
744	524	0.7688855231211614
452	462	0.8363503646453185
738	658	0.8831102876922486
259	168	0.9880480527660328
350	758	0.890673953560874
747	507	0.7993591489472849
18	663	0.7904476649933928
259	165	0.8223166076370919
802	721	0.9680049373190718
741	576	0.8682476010748177
801	734	0.8461130159476935
691	255	0.9984124569264715
161	369	1.0
95	594	0.8006406442150794
801	733	0.8395263759382134
444	593	0.8612624620208026
740	586	0.8911313425110831
679	479	0.9805628664858363
160	376	0.8900200971238273
734	698	0.8288059065265021
709	152	0.8386042452382012
733	686	0.8016790977959675
155	450	0.8446629145325504
678	464	0.8466152648279841
551	179	0.8880581858625061
154	467	0.9512329639575297
450	450	1.0
727	790	0.866255701764082
152	481	0.844029632528725
389	344	0.8742948890473577
676	482	0.9773775842470258
585	601	1.0
203	790	0.8997941026418992
317	317	1.0
709	122	0.8452117875721814
283	686	0.7785160818237266
452	426	0.8489030724024597
704	180	0.860934874531658
288	621	1.0
507	702	0.891659639966461
319	309	0.8350197501280155
574	790	0.8878025347915109
31	404	1.0
802	709	0.8475260302852383
26	507	0.8157601148916409
204	790	0.811707423279135
728	790	0.7917113047774077
389	357	0.8494996657772297
401	5	0.8814703800819165
350	731	1.0
157	433	0.8538982504341038
590	516	0.9699716302441768
385	58	0.9597319918507132
704	196	0.8588094009445306
586	602	0.8120997983305278
801	711	1.0
614	301	0.8201082165073
453	426	0.8338124965120444
158	420	0.8417343831631081
557	109	0.8139100250738689
321	237	0.8587985173337451
574	780	0.9946716835628734
679	452	0.8301016554341927
278	790	0.8865281072902349
331	131	0.940769035581877
558	154	0.8487061814279641
507	754	0.8756891802817318
462	331	0.8530608180057883
753	426	0.8459518546027437
738	687	0.9983176269353222
589	621	0.8516919194236773
614	12	0.8242668539529933
593	532	0.9747383196772224
621	237	0.824527678160642
591	559	0.8568456770464093
169	309	0.7104150963950757
34	420	0.840082196192012
319	359	0.8958468471353127
686	389	0.9601280963257979
34	426	0.8306572511409706
614	357	0.8220656093906508
609	457	0.8599504369435721
317	372	0.9907003742212565
327	211	0.9747502806105538
399	243	0.8575220860671354
41	301	0.762118585825319
709	182	0.8530722244683496
558	165	0.7810260887066196
225	525	0.8702443980963556
593	548	0.9747383196772224
589	633	0.8362979480548203
298	540	0.854639924047016
5	559	1.0
694	262	0.8193089529147317
803	756	0.7856125752433538
803	757	1.0
357	710	0.8555150825381738
225	523	0.9916407252758012
697	225	0.8197620360690644
738	691	0.9962370622742683
3	578	0.8088236273153946
520	520	1.0
620	250	0.861847807247314
350	790	0.9679452826727641
319	361	0.8900116200287934
354	740	0.8728978062951148
298	534	0.8011905462815
321	298	0.8056335794216839
709	198	1.0
327	221	1.0
750	466	0.9597003206906338
298	538	0.9410447413825105
594	501	0.86961449318158
558	131	0.8274063934496506
389	48	0.7925098849037348
748	507	0.8241507463901586
165	338	0.8675297390751426
502	790	0.8348518225407969
753	404	1.0
738	663	0.8838274011684335
5	585	1.0
747	513	1.0
167	307	0.8869514473457056
317	358	1.0
586	635	0.7588817095340512
687	350	0.844438581931571
389	389	1.0
33	419	0.9714415573010123
96	590	0.8567350377860241
121	803	1.0
509	701	0.8829550218284355
694	229	0.9963268738170887
96	594	0.7509389526737787
385	81	0.8677931007255962
453	453	1.0
503	790	0.771980985286707
457	426	0.8331997673151794
321	281	0.8252683542193918
744	560	0.7510966438145976
556	165	0.8021772709313926
168	307	0.8551904348360261
802	748	0.9856979456768844
33	426	0.8493703913055073
317	368	1.0
590	556	0.9672621316884276
646	802	0.8274722933676948
691	270	1.0
509	712	0.9898047751235696
157	470	0.9497293682547285
614	344	0.8244504571148793
650	714	0.8599108949427763
3	591	0.8625113719084484
122	803	0.9580769940266163
321	278	0.9797675505889064
127	127	1.0
96	725	0.7755932880777684
56	56	1.0
127	125	0.9850799424024249
450	635	1.0
711	241	0.8412951785783851
307	658	0.928808070375569
413	270	0.8740674011668396
290	740	0.8353284729837668
785	249	0.9951561713811184
676	663	0.9046134548728739
422	122	0.8828773171688937
704	361	0.7847633876643311
674	686	0.8670183018487839
259	309	0.7162273554362256
155	621	0.8600905288469441
260	250	0.8977066879498055
668	799	0.9612502655947136
91	790	0.9560700304539591
602	653	0.8216411385468441
678	635	0.8965977839713521
56	48	0.7970155649970495
122	196	0.9303523220575922
56	47	0.9336247873815033
199	167	0.9684671726102987
199	168	0.8784877491531794
546	463	0.8919521944666802
148	761	0.8073906320347272
676	676	1.0
55	55	1.0
711	250	0.832123234560018
539	589	0.8314562251169035
317	509	0.8843692234821989
703	41	0.7255605923436093
787	231	0.9820067208757083
127	133	0.838067344940846
72	143	0.9627715001892371
151	684	0.9946716835628734
321	417	0.9855693032061024
196	196	1.0
146	786	0.8670997311365978
53	76	0.9499283052271711
196	199	0.9102627843679033
785	250	0.862578235848843
740	740	1.0
262	241	0.8736755359009057
712	234	0.9841142637272663
69	229	0.9784110239974031
250	58	0.981293786005889
109	55	0.8433682955436804
122	167	0.8874195313564058
672	690	0.972243047480896
605	605	1.0
790	128	1.0
125	127	0.9850799424024249
115	287	0.9543334202627476
643	199	0.8820946172930291
639	284	0.9838287266603265
703	359	0.8074856037295834
250	51	0.9024367588132913
197	157	0.8388568286169961
258	301	0.8641096575392426
790	122	0.9390504063795224
542	479	0.8476135496999633
479	48	0.8439886612104089
544	450	0.7796996928338661
674	663	0.8360180038094174
647	148	0.8974963333375634
125	125	1.0
602	636	0.807636280605939
382	581	0.9443042914608993
629	97	1.0
702	361	0.8909351191512854
150	663	0.9940982719734807
57	57	1.0
155	605	0.8387883840300234
420	122	0.93740580481352
678	614	0.8416299560864773
199	141	0.9515819517830946
668	792	0.7857613693746589
420	141	0.9518682668921576
409	359	0.8421595084226065
778	361	0.8386385250531334
741	717	0.8682476010748177
706	331	0.9911959342065303
55	78	0.8144686722456211
704	359	0.7930877282110945
676	655	0.9761204638192903
740	727	0.9642631925120962
213	804	0.9929615292013483
544	462	0.8154894197650936
117	270	0.8321006085587132
250	63	0.9039206943938188
57	385	0.9282240492328184
146	761	0.8576906062465504
674	674	1.0
57	388	0.9321530267385801
307	643	0.8554218812491919
492	167	0.9528463697745879
772	81	0.8405342844361396
778	359	0.8495583814068879
382	591	0.9443042914608993
678	629	0.8295850548468198
421	122	0.8153486180654885
310	560	0.897908729297658
702	372	0.8747390566903195
154	629	0.8543054112968962
150	672	0.8553360732382531
96	722	0.8274063934496506
199	196	0.9102627843679033
551	397	0.8808491092600218
704	66	0.9238773474316541
420	196	0.9494061464042854
712	270	0.8994927222880538
199	199	1.0
792	165	0.832579360249498
450	675	1.0
546	492	0.8373159481133415
423	154	0.8875089062906154
423	155	0.7879964592588986
258	369	1.0
787	262	0.7963589994593353
127	165	0.834266650734431
702	81	0.8611236999166576
686	540	0.8650063633544026
3	745	0.9886017492607995
423	152	0.7886505129879895
422	168	1.0
554	350	0.988862914947534
744	729	0.8878772726643471
558	309	0.7925289817576082
426	115	0.9488946024355781
258	13	0.8145317466055904
20	790	0.8566722977813612
678	678	1.0
704	76	0.9095049888976839
270	150	0.8837116297144055
462	502	0.8473428304517855
452	663	0.8491114284178116
694	420	0.837649044901436
129	152	0.8877507673758525
557	330	0.8246000269421306
158	645	0.9869231347847144
259	361	0.8940554284043284
450	686	0.8688175760365648
686	558	0.8677728619906663
709	359	0.8412951785783851
418	262	0.8905727131215397
95	790	0.7853347495651833
614	525	0.8179901032971447
453	646	0.9961857159351143
444	790	0.8807366500162442
3	730	0.7975344505316417
158	640	1.0
714	250	0.8637895625723989
417	270	0.8495662080116627
453	642	0.7982024607391863
452	658	0.8291497345134603
558	316	0.831337859921717
679	679	1.0
426	122	0.8700557616170024
316	558	0.831337859921717
557	301	0.8224247160325807
396	426	0.8880868785315161
450	657	0.8446629145325504
309	659	0.9513322598130678
197	197	1.0
590	709	0.8461049629820916
778	48	0.9475015221437012
790	169	0.9086938898117218
741	741	1.0
262	250	0.8828743275719115
778	41	0.947610874064529
709	324	1.0
744	709	0.8452482905301362
452	628	0.89976268726084
420	168	0.9680771164244178
270	115	0.9432735549392428
744	703	0.7571255730734492
602	678	0.7961187452979622
647	183	0.8799160041201249
146	790	0.8636536191593817
261	261	1.0
679	642	0.9792676309064132
251	96	0.7499223266751122
319	507	0.8706768493996982
127	157	0.8347987436178063
712	262	0.8383897738606813
5	736	1.0
319	509	0.8954439971478697
152	698	0.8461733960947394
127	152	0.8338972251749255
546	481	0.8656532018792816
127	155	0.8565984448083354
676	694	0.9782113638492759
609	609	1.0
258	357	0.8550745470041127
72	165	0.7878572308043025
262	262	1.0
157	635	0.8579831339170666
548	457	0.8448624237910196
744	716	0.7571255730734492
421	165	0.8435905151315466
602	689	0.8377008726717475
452	631	0.8498046773485654
129	129	1.0
447	734	0.938805582096162
155	657	1.0
96	766	0.9411804718074717
772	361	0.8389337820791788
666	740	0.8600797582159949
243	462	0.8422551627672769
185	278	0.7545175382928514
237	573	0.8882073169329949
702	307	0.8651029157951365
105	39	0.8442710803579514
109	330	0.850641469368686
250	330	0.9592193543226231
636	258	0.7899929172414152
629	34	0.8405975254576917
702	301	0.9623551633345897
772	359	0.8550483635616358
48	460	0.9445393188474507
486	204	0.930716484810829
53	361	0.8548611755614066
235	590	0.8710256746042416
237	589	0.8710848120576957
640	183	0.8318378317004295
237	588	0.9642648051555034
666	758	0.8661532101429488
243	474	0.838419822981191
627	73	0.9852464882943819
544	406	1.0
483	258	0.635754588910402
142	753	1.0
56	333	0.8359698222459485
108	359	0.8268825964559862
310	504	0.9607647875142544
629	44	0.8351698010051869
301	653	0.8956442288372
474	56	0.764519397077599
536	536	1.0
642	150	0.8912573265690299
481	270	0.8270385625775386
51	51	1.0
251	309	0.9794339874261129
301	629	0.9902044121189635
534	534	1.0
39	584	0.9753693495220832
105	361	0.7913517041455876
382	509	0.7782850680427873
483	225	0.8632308900890182
401	359	0.8571880246655207
185	250	0.829645133037723
51	361	0.8976987060998801
52	35	0.9893689850092041
328	81	0.8346393649491363
343	165	0.8357637363028365
481	241	0.856941483580013
525	672	0.8964286021327631
52	359	0.8995950087570513
53	344	0.8452280124714339
39	591	0.9309765809469055
338	280	0.9680159235264999
766	462	0.8473468160062592
237	568	0.963030461973044
185	267	0.9615219776811249
141	740	0.9066027143603967
542	409	0.8261948393703461
301	636	0.9902044121189635
185	262	0.7857816442097693
51	372	0.8968765802903715
345	152	0.7737266166713862
189	217	0.8320100614613879
301	631	0.9207198028392952
57	301	0.81826524479876
640	158	1.0
243	444	0.8532431934248542
701	301	0.8750003451120435
229	694	0.9963268738170887
627	48	0.8324981985360189
100	81	0.7570466624391735
661	787	1.0
627	49	0.9868216701502952
545	426	0.8081870853038166
672	672	1.0
117	243	0.8545873647812482
91	740	0.8768644249062174
152	628	0.8997862495164138
539	539	1.0
189	270	0.8422177418625287
152	621	0.8434382977727681
544	433	0.7948910988960997
545	420	0.8344309660924183
56	361	0.8359698222459485
152	620	0.8579867860980276
529	691	0.8269109692527183
638	278	0.9525322437435148
147	725	0.9866556042654158
534	591	0.8115188263635756
403	45	0.9810810541908008
141	790	0.8958225498719182
53	43	0.964277705623165
403	48	0.7865896503835224
734	801	0.8461130159476935
702	345	0.9608739219326782
57	357	0.8318332959659316
146	733	0.834342175109976
674	642	0.8058546823566377
63	241	0.8756923458714883
52	52	1.0
150	642	0.8912573265690299
95	706	0.9575902824125926
401	81	0.8310779534255455
672	685	0.972243047480896
142	790	0.8798118970440699
56	372	0.793901851851956
53	39	0.8521524850057874
479	39	0.8511214768249474
543	453	0.9565007531422005
115	270	0.9432735549392428
643	183	0.8877392606355441
674	658	0.8363852962678435
250	385	0.9716435107062502
674	657	0.8228904090365243
72	105	0.9627715001892371
542	464	0.8344797729560507
63	250	0.9039206943938188
150	658	0.8824280837096079
52	44	0.8725412075688171
542	462	0.8222330011367374
545	429	0.8368819656270908
189	278	0.9797675505889064
778	331	0.8404625709902279
409	301	0.8350153340085016
109	13	0.8259948762859394
646	121	0.8027198614198664
704	309	0.7812937058576063
545	400	0.9706415711249972
248	426	0.8389807848818189
122	122	1.0
146	717	0.8669062490938543
627	81	0.8115619612846908
248	420	0.8256226147917068
55	357	0.8606814645978063
775	344	0.8428688656956927
150	623	0.9563692874487766
402	39	0.7899473415400143
674	623	0.8097801259787746
57	330	0.8327550208723176
196	122	0.9303523220575922
57	335	0.9293686604177139
105	50	0.9802700024557689
541	445	1.0
672	643	0.9509168622458428
150	620	0.8568641072041614
106	41	0.9655345313548034
672	663	0.893223250788503
546	400	0.9626442838547464
117	235	0.8452645105255722
189	262	0.8444671565304464
197	122	0.8189806320182959
539	520	0.98194993286136
382	558	0.9614281742666797
772	44	0.8545986293860461
544	421	0.9887804225323716
53	53	1.0
178	83	0.84960142148869
647	117	0.8239472822171939
53	50	0.96387561101342
602	602	1.0
248	429	0.8457622149839458
105	67	0.9837810807040605
733	801	0.8395263759382134
701	345	0.948363004905678
540	466	0.9672147842624347
250	361	0.9045150767299026
640	199	0.836428946439714
372	609	0.9740217823627486
468	426	0.7879036594268599
629	301	0.9902044121189635
621	53	0.8390491197068323
105	301	0.8195608822165291
167	492	0.9528463697745879
518	743	1.0
633	215	0.9376512353279011
457	593	0.9747383196772224
531	509	0.6421613372801935
269	199	0.8688878033821444
100	16	0.9553990259082645
34	585	1.0
29	686	0.854079378579219
327	39	0.8521946164495171
178	317	0.9914430652862639
169	462	0.7686176762297954
269	196	0.8855279439063518
761	448	0.9655632896124673
559	298	0.8061149257955462
41	462	0.775148149494387
182	225	0.8548873991588452
328	361	0.8459639491609147
464	462	0.8314334717385158
464	464	1.0
401	309	0.7941217336756689
242	400	0.9600133770317327
328	39	0.7337255090052209
180	269	0.8485208119222146
697	48	0.8670183018487839
764	429	0.8304692827636895
594	691	0.7412013840062331
589	792	0.8988904685814736
327	48	0.7729861976344409
34	591	0.8568456770464093
620	72	0.9705460632787104
34	593	0.8462136327770888
764	420	0.8317697774978143
333	278	0.8777176548429352
625	357	0.811405520774403
298	698	0.8404625709902279
464	473	1.0
468	403	1.0
463	463	1.0
589	766	0.9489108429833321
217	792	0.9214996992572562
623	350	0.850455149867285
327	361	0.8078480115577589
594	663	0.7513743582418516
593	679	0.8570261730578076
758	509	0.8807883329612302
697	357	0.8484102441356013
29	663	0.8579940901334964
67	5	0.8389807848818189
591	697	0.8464708309209653
182	209	0.9439565961439017
783	8	0.9557786944538473
747	672	0.828736089804972
520	651	0.98194993286136
229	602	0.815900420508652
591	691	0.8270385625775386
396	70	0.9941204192249959
620	39	0.8556826659647803
761	420	0.8190918591735288
718	199	0.79752835971596
691	98	1.0
459	560	0.7191447932690497
467	426	0.8390790039465388
166	498	1.0
754	567	0.9605677952928167
33	586	0.9740713691399892
29	672	0.8382050208147909
225	666	0.8463543557968897
698	354	0.9559381493809598
748	674	0.8829998296743742
269	180	0.8485208119222146
44	418	0.8390021437000493
525	609	0.8941320562563003
747	686	0.8218190107987872
464	459	1.0
399	399	1.0
229	614	0.8330472134393765
595	657	0.9195985439748353
298	676	0.8312695186097505
464	450	0.8349181379922743
47	429	0.8273404567702836
468	468	1.0
180	293	0.9868148117972617
633	251	0.7772103386766775
372	643	0.8918909529399169
627	361	0.8161908874758813
108	301	0.8167387268573438
185	233	0.9818192331165311
530	553	0.9857062411567015
183	250	0.8863071772254908
631	270	0.8622400248641586
178	358	0.9914430652862639
525	650	0.9314973065344211
524	666	0.8401795178022636
344	131	0.9023341403736467
534	525	0.8279231916964226
534	524	0.7998137865063121
524	686	0.7909845036039381
48	426	0.8581729031849636
183	270	0.8808825237163794
178	372	0.9838889616594031
105	359	0.8254934808372065
48	429	0.8552875463903423
474	18	0.7644456780618915
141	725	0.8578406139057778
372	653	0.9844466589966657
627	372	0.8499178839346095
229	676	0.9797257183077789
250	302	0.9725623527851585
109	301	0.8576613150349833
635	237	0.8490367759023292
631	280	0.9833093558090704
789	5	0.8477288196368566
51	359	0.9085154021617141
178	368	0.9914430652862639
243	429	0.8338437193471705
238	529	1.0
182	250	0.8656497701860301
474	333	0.8022298920823551
524	653	0.926499052855117
522	676	0.8303361494737515
755	580	0.9489324940208217
39	545	0.8725379610790179
236	524	0.8535730550100494
632	243	0.890707682480545
236	523	1.0
185	217	0.7608557085763377
241	420	0.8872492563958915
417	5	0.8128272784890194
623	44	0.8593559660447024
361	790	0.9166620130272028
635	205	0.9273791916872143
530	530	1.0
627	359	0.8401710581856012
467	467	1.0
467	462	0.8412239180754238
663	728	0.9496253030644747
632	250	0.7931826947575018
229	655	0.9940252918831748
522	680	0.9704612834739852
531	531	1.0
631	262	0.8720956487426872
41	492	0.8276180840125398
761	476	0.9266291032334072
772	301	0.8521141710360982
756	578	0.8340665019336942
753	509	0.815160617306863
679	591	0.7938011922958688
679	593	0.8570261730578076
17	784	1.0
396	361	0.8380285950599626
591	635	0.8410140831067033
592	621	0.8156977025784194
586	738	0.9964358545581664
560	165	0.8557645120966269
268	121	0.784681526355981
99	658	0.8644878293857983
417	189	0.9855693032061024
745	635	0.8499217857279278
453	556	0.9966817161791737
457	509	0.7968931299134439
718	133	0.826726424134453
225	605	0.8480739726643066
557	258	0.7701683996669382
287	792	0.6986614393608547
5	635	0.9273791916872143
592	635	0.8069763122164719
593	621	0.8462136327770888
99	663	0.992238656584004
748	612	0.9750623965604416
687	463	0.8530950341911445
586	746	0.9964358545581664
327	307	0.7780463312834789
586	740	0.8911313425110831
559	225	0.8088181072581515
554	286	0.9927051929430089
158	563	1.0
741	691	0.8407154863314752
453	564	0.9959595716838279
750	540	0.9638254687608624
259	259	1.0
20	686	0.7633421538464545
557	225	0.8161287054496724
694	311	0.9929457680323017
738	746	1.0
803	803	1.0
32	502	0.8148151589284337
716	122	0.8250908239704343
787	165	0.7890910106007505
737	755	0.929437524879201
716	121	0.8364987535651542
418	154	0.8433435791607385
741	662	0.9746141643290918
554	250	0.904656314226362
585	725	0.7980509836216694
389	462	0.8371598957861269
635	5	0.9273791916872143
694	307	0.8035202943751664
288	740	0.8130882722290118
396	359	0.855093246027456
450	589	0.9021055208103113
155	585	0.8600905288469441
165	426	0.9495480997231934
155	584	1.0
5	657	0.8600905288469441
591	629	0.8271660182576596
285	792	0.7456296245687993
678	591	0.9072417704380011
99	642	0.8907442120571117
319	420	0.8929170305305024
319	426	0.8193593821692394
450	584	0.8446629145325504
591	620	0.8297005628124001
605	573	0.8415547123913528
740	689	0.9837740725832249
585	733	0.81294985879973
585	736	1.0
217	718	0.8448461496782874
354	801	0.9553388004220387
686	450	0.8688175760365648
609	525	0.8941320562563003
714	150	0.8832087227750433
744	635	0.8367601677288451
744	633	0.9296647328103677
170	375	0.9929615292013483
589	745	0.8458631241709557
32	560	0.7772176353643806
744	698	0.8485878931914747
718	165	0.7994909407575498
589	740	0.8537092888571732
180	217	0.8371121724889368
169	426	0.8048592126836625
687	499	1.0
269	154	0.8342444285717431
361	732	0.9335277134369873
687	492	0.8499724976344852
716	183	0.8269865967454534
591	678	0.9072417704380011
716	181	0.9811381951134638
687	493	1.0
620	361	0.8393178100502975
625	301	0.7492209421641711
328	328	1.0
750	577	0.9648200435830049
514	745	0.8072004537155184
620	18	0.8473069545550942
514	740	0.8365380021601275
462	467	0.8412239180754238
26	688	0.9104629945909356
331	262	0.776080883814178
330	278	0.8838630018078945
754	547	0.9605677952928167
748	657	0.8247445913427572
269	167	0.8514147409703424
748	658	0.833365559968394
462	462	1.0
29	650	0.8477923699082047
33	569	0.9715471605093273
361	743	0.9758922919487362
591	686	0.8563840187758832
747	663	0.8076585863791583
29	658	0.8441892877845447
3	699	0.8670454508931488
3	698	0.8474145503632029
34	559	1.0
747	660	1.0
595	635	0.8339105978776664
614	486	0.8238842338713588
689	479	0.879523621991721
217	776	0.9447460281545476
330	245	0.9836240149720631
463	420	0.8573313054225277
165	452	0.8564875817088214
463	421	0.9057981847676745
26	658	0.8180360052200444
457	532	1.0
165	456	1.0
361	717	1.0
99	672	0.8541623058646431
169	402	1.0
560	182	0.8384155307112252
399	347	0.8559094684400971
167	426	0.8889104558604588
590	665	0.9699716302441768
328	307	0.8112867007692987
167	429	0.8654299434867829
590	663	0.864449717755685
754	507	0.8756891802817318
594	632	0.9468069004562691
225	626	0.9844968689318178
689	464	0.8536222681240354
457	548	0.8448624237910196
691	51	0.8956090756828047
522	605	0.9765506031796747
331	243	0.860931309000755
170	19	1.0
168	429	0.8243683542406772
522	600	0.9824927368275967
99	686	0.8229735492913288
396	396	1.0
330	250	0.9592193543226231
738	790	0.8436357318880251
168	422	1.0
687	481	0.8183212128250862
168	420	0.9680771164244178
100	309	0.9779953515683207
747	641	1.0
714	199	0.8549173620912066
214	790	0.8646782113270273
333	217	0.8473189143688047
563	158	1.0
614	462	0.8022123543832285
745	666	0.853117839645596
26	672	0.8280450147142707
327	327	1.0
755	503	0.9725471644010828
157	595	0.8259996412515515
614	460	0.8607921726041711
62	62	1.0
115	81	0.8272320523038311
359	169	0.9030864870117125
309	758	0.8336964542731425
80	117	0.8198926010291309
133	133	1.0
385	691	0.8504590344391714
131	152	0.8452726197063305
790	269	0.9139682027579069
262	359	0.8825450384699557
117	53	0.8431043923193501
709	421	0.8422593199272611
486	62	0.9250405882071598
709	420	0.8356539710236843
659	100	0.961655167173207
657	127	0.8565984448083354
199	269	0.8688878033821444
310	698	0.7721109593754625
744	801	0.8290429759319462
133	141	0.8512489020846914
792	258	0.8655742488306596
712	361	0.8542489423559894
578	3	0.8088236273153946
127	250	0.838916685579573
682	682	1.0
67	361	0.824888978582101
357	199	0.8538378145736119
158	725	0.8278434702887414
422	250	0.9045806704795204
262	363	0.8905727131215397
712	359	0.8763553517296188
658	122	0.8873531801815779
557	409	0.7870716795127519
679	751	0.9792676309064132
650	199	0.9352203909475023
647	270	0.9979440159327408
396	503	0.9452642012672047
710	357	0.8555150825381738
385	672	0.8684826138369351
483	83	0.9429948419481103
650	196	0.8971868314091435
422	229	0.8057129985805684
131	131	1.0
544	572	0.9868312712840348
676	762	0.8496952741786558
704	462	0.8274299333524352
709	401	0.8643249064824521
636	93	0.9913872991771605
310	678	0.7650910753149717
417	321	0.9855693032061024
63	63	1.0
546	546	1.0
160	622	0.9660321612002853
712	341	1.0
259	422	0.9880480527660328
259	426	0.8045101853000572
560	310	0.897908729297658
71	255	0.9974244012346477
422	237	0.8946535451439966
655	140	0.9962036892611538
674	799	1.0
790	250	0.9055781244039111
486	53	0.7726217243456014
486	51	0.8684658419675916
154	748	0.870548261494471
421	241	0.8524127007236294
674	790	0.8771807661439203
396	509	0.8313879519011836
710	13	0.8970130763331414
151	780	1.0
155	790	0.8337009195273738
165	631	0.8525349630289625
330	420	0.9754467260150226
319	638	0.9946716835628734
789	361	0.8234224677225825
262	51	0.8760274449859728
31	733	0.7702150515652856
748	802	0.9856979456768844
418	32	0.9005900109225486
429	204	0.9549285606975426
556	453	0.9966817161791737
83	122	0.8740160790238657
157	764	0.8385999595715762
691	560	0.8790591526921071
686	661	0.9519441629690553
614	635	0.8121158949738387
558	428	0.8138043183454049
423	270	0.7627944956730272
709	461	1.0
200	200	1.0
270	255	0.9984124569264715
298	803	0.8119494551912377
430	149	0.9854737827821378
129	258	0.8858933508856883
557	438	0.9634885572488142
63	81	0.8869948611598449
426	250	0.8497265422895767
165	642	0.8465069555729772
270	270	1.0
716	359	0.8074856037295834
418	44	0.8390021437000493
556	462	0.84960142148869
319	642	0.8576649768193998
716	350	0.8074856037295834
327	507	0.8456773860890576
605	790	0.8480581251094529
200	217	0.9611348311880479
686	674	0.8670183018487839
714	372	0.870805304506601
658	167	0.8927954421929245
67	67	1.0
712	372	0.8786733543495637
682	694	0.9952725132749665
262	33	0.8696277872950925
418	359	0.8790344970718644
72	270	0.8183161259298085
67	372	0.8108427497647771
27	802	0.8536146981683448
359	184	0.9101275284167847
418	355	0.9005900109225486
389	661	0.9675238279539036
614	614	1.0
554	450	0.7860920673875469
694	509	0.8465470814227971
413	62	0.9892396035713031
417	361	0.9629083709300028
307	790	0.852729565258361
658	131	0.894369857059911
689	602	0.8377008726717475
657	162	0.9843503731521372
621	507	0.8496053334666694
462	602	0.9127186756977135
359	196	0.9305696982692265
687	647	1.0
678	790	0.8373419370518498
433	109	0.7921208818166712
714	359	0.8565023692602168
686	657	0.8591065131029296
154	790	0.8582531018347225
418	361	0.8568788493327073
321	559	0.8032251323040479
609	725	0.8541133101902509
418	363	1.0
317	642	0.8171402173534928
78	217	0.8190918591735288
421	289	0.9887641888441102
548	578	0.8556715008816518
709	450	0.9617208921631777
453	740	0.8810949535503761
679	778	0.8465551049953567
417	372	0.8789759205649096
657	155	1.0
67	48	0.8244504571148793
197	217	0.796229694894014
528	788	0.8598857252227801
196	224	0.9700474310947177
643	256	0.9913155676137128
643	250	0.9076291166901426
382	642	0.6696015952455687
47	590	0.9634739607188861
802	154	0.9680049373190718
778	402	0.8354957315009736
403	468	1.0
200	5	0.8301982679590494
541	541	1.0
672	743	0.972243047480896
801	182	0.8315790181027152
633	81	0.8100808294249089
238	691	0.8269109692527183
189	361	0.852599864990663
704	418	0.7758964407421972
650	141	0.8791731220126214
55	462	0.8120192815955912
307	702	0.8651029157951365
413	320	0.9872626470240968
55	465	0.9776926649419518
382	658	0.8180309058966699
152	711	0.8543806625980048
539	621	0.8292517614592413
703	421	0.7398492149486878
703	422	0.8074856037295834
643	262	0.8508894518331859
542	542	1.0
542	544	0.7962604950294471
409	409	1.0
633	77	0.8216312488478271
536	656	1.0
545	507	0.8058999843605011
540	540	1.0
640	270	0.8825869957802243
479	433	0.8337723408373754
53	459	0.8593053933813704
238	663	0.8136667557502322
502	199	0.8294648070179639
543	500	0.9641066762965356
56	420	0.7983234977169243
803	122	0.9580769940266163
251	420	0.8124106050407701
636	357	0.848792852846453
301	740	0.8834440589059485
345	265	0.9846599275405321
189	321	1.0
481	361	0.8327955211291644
48	560	0.8628277752454817
53	462	0.8349004574768429
636	350	0.9948674911139108
509	121	0.8833994085717487
640	284	1.0
403	462	0.7421642409011359
631	81	0.8787567872314836
629	492	0.9694305395899908
146	802	0.8491664061505414
483	357	0.8204084137302229
539	602	0.8322769772717712
506	157	0.8054120509031852
236	698	0.8246000269421306
802	146	0.8491664061505414
109	445	1.0
62	320	0.9938439826128991
182	78	0.8346482249104481
310	605	0.7674440786903904
150	714	0.8832087227750433
372	790	0.894446296597648
701	426	0.8285870097131189
801	154	0.8563581143392305
248	507	0.8406607331919074
801	155	0.8356539710236843
801	152	0.8543806625980048
48	574	0.8533304850361331
536	631	0.9534375546190831
344	285	0.9734510150009444
486	310	0.9351084775299675
633	53	0.8145107256176953
