744	250	0.668740304976422
196	502	0.7190089911921524
578	474	0.7711054127039704
447	270	0.7256998389057147
593	214	0.7795354575489502
96	284	0.6389437431871404
183	698	0.7752150344370604
248	805	0.8230273146135424
635	676	0.7369076559047278
609	148	0.7071067811865476
121	507	0.8080815789293819
772	769	0.8950154234464502
486	614	0.8658143841441651
733	89	0.8325252585949547
155	189	0.7795354575489502
578	481	0.7329968817300652
738	372	0.765286392849854
20	295	0.8602806544914777
629	790	0.8408964152537145
748	217	0.6757463285468237
479	742	0.7939521481469657
629	796	0.9235789319955533
96	274	0.7939521481469657
750	152	0.672162112443282
609	152	0.8658143841441651
479	745	0.6834748429486355
402	778	0.6523230280495647
509	420	0.7222843827750017
31	121	0.7369076559047278
801	462	0.7071067811865476
52	753	0.7840862368827646
745	258	0.8602806544914777
802	450	0.6943900348241819
182	698	0.6834748429486355
285	45	0.7993411655468732
178	780	0.8463061263544743
350	481	0.7752150344370604
642	560	0.8111948018054888
401	790	0.7795354575489502
481	687	0.7329968817300652
95	298	0.8886450927224068
734	86	0.8050704027214417
642	569	0.7859706996388323
250	758	0.7557140529366451
578	493	0.8357856772539496
361	319	0.8080815789293819
298	231	0.9036008741023988
640	592	0.8658143841441651
184	663	0.7563868244827463
26	217	0.7888808384594459
635	697	0.8080815789293819
609	167	0.8080815789293819
217	357	0.7840862368827646
486	632	0.8658143841441651
155	168	0.7711054127039704
181	697	0.9036008741023988
155	165	0.7795354575489502
585	34	0.980915213647546
507	462	0.7468267006961234
96	251	0.7568710990533029
453	191	0.8950154234464502
594	236	0.7697788625404386
158	122	0.672162112443282
96	259	0.8099387760963941
546	802	0.6943900348241819
750	177	0.9235789319955533
753	142	0.9774670514959272
261	603	1.0
181	680	0.9235789319955533
217	27	0.8520451754867107
217	26	0.7888808384594459
115	663	0.7329968817300652
53	790	0.8127952797244248
738	325	0.8477089533361918
502	452	0.7664188452944263
32	165	0.672162112443282
629	742	0.882658890130512
53	793	0.8602806544914777
53	792	0.7256998389057147
150	5	0.668740304976422
403	713	0.8408964152537145
189	663	0.7158621158597871
117	635	0.672162112443282
605	152	0.7128347517618364
676	191	0.8950154234464502
631	686	0.7795354575489502
586	307	0.7071067811865476
733	48	0.743454514873604
121	541	0.882658890130512
450	165	0.7752150344370604
250	702	0.7902984498398798
56	763	0.8602806544914777
605	157	0.7158621158597871
26	262	0.7795354575489502
633	663	0.6536711238648317
733	394	0.7993411655468732
18	56	0.7329968817300652
401	744	0.9235789319955533
802	408	0.8111948018054888
629	751	0.882658890130512
474	761	0.7498942093324559
32	154	0.6757463285468237
27	250	0.7071067811865476
27	251	0.8779354995076653
27	258	0.8886450927224068
481	640	0.7369076559047278
801	426	0.7017692252162518
741	262	0.9235789319955533
772	735	0.9306048591020996
57	740	0.6834748429486355
284	96	0.6389437431871404
197	512	0.9619720005271951
734	49	0.7939521481469657
57	724	0.8230273146135424
26	251	0.8520451754867107
109	758	0.8602806544914777
452	152	0.8950154234464502
452	154	0.6757463285468237
109	751	0.8602806544914777
503	463	0.774619080070035
635	653	0.7711054127039704
27	241	0.7211778405551965
750	122	0.6435252169199125
189	642	0.7512448476025466
344	560	0.7568710990533029
733	63	0.7369076559047278
590	235	0.7017692252162518
627	790	0.7304910293648212
3	298	0.8357856772539496
772	746	0.910081606019087
344	569	0.8111948018054888
197	502	0.6757463285468237
591	229	0.7099183944187994
578	463	0.672162112443282
578	465	0.9505804190652317
529	5	0.7329968817300652
56	725	0.8080815789293819
483	635	0.7329968817300652
452	165	0.7795354575489502
108	756	0.7993411655468732
122	509	0.6967730926836612
732	81	0.703507782745846
609	133	0.7369076559047278
184	690	0.882658890130512
801	443	0.8528934004392494
636	650	0.882658890130512
747	211	0.8716844532600401
51	790	0.8127952797244248
450	198	1.0
196	506	0.8980547451986183
450	197	0.882658890130512
309	199	0.7355826385604035
756	152	0.7795354575489502
524	236	0.634640063475802
122	578	0.8408964152537145
229	237	0.7369076559047278
589	48	0.7731377071413946
214	96	0.7004890470819205
789	605	0.7099183944187994
122	573	0.7043920612783159
57	792	0.7369076559047278
492	588	0.8080815789293819
704	772	0.7547148940075067
214	93	0.8658143841441651
586	83	0.7840862368827646
493	578	0.8357856772539496
450	4	0.980915213647546
196	578	0.9078752321369414
450	5	0.9619720005271951
237	104	0.9036008741023988
430	400	0.9235789319955533
712	642	0.632582058038459
646	596	0.8886450927224068
712	640	0.6593329981888053
792	539	0.7311108341107269
425	509	0.6623376993482669
653	474	0.8408964152537145
131	418	0.8241168601053325
663	318	0.8099387760963941
658	419	0.7993411655468732
214	81	0.672162112443282
554	733	0.6196621154581495
258	740	0.7795354575489502
792	540	0.7256998389057147
258	745	0.8602806544914777
792	542	0.7292664737217109
196	560	0.765286392849854
716	605	0.8846142040667466
758	152	0.7369076559047278
199	525	0.8080815789293819
421	560	0.7752150344370604
39	105	0.7427151271255664
229	258	0.7369076559047278
658	429	0.7190089911921524
709	733	0.7498942093324559
121	560	0.7752150344370604
217	36	0.932438891987332
409	792	0.6967730926836612
554	749	0.7840862368827646
661	352	0.8017495595960386
706	772	0.6967730926836612
721	516	0.9036008741023988
151	3	0.8127952797244248
524	269	0.7993411655468732
287	83	0.8408964152537145
712	663	0.6435252169199125
34	152	0.672162112443282
189	671	0.8602806544914777
122	544	0.7000667471538572
758	165	0.7329968817300652
122	540	0.7043920612783159
18	80	0.792478049653952
709	744	0.8080815789293819
659	429	0.6795129029542789
236	146	0.7840862368827646
372	248	0.7795354575489502
225	237	0.7071067811865476
251	769	0.8520451754867107
457	157	0.8716844532600401
140	328	0.8099387760963941
479	774	0.7939521481469657
357	429	0.8357856772539496
744	297	0.9235789319955533
704	727	0.7993411655468732
39	162	0.942942047540283
710	616	0.882658890130512
650	452	0.7369076559047278
609	183	0.7329968817300652
802	481	0.6943900348241819
520	243	0.6536711238648317
81	420	0.8080815789293819
653	422	0.7017692252162518
703	744	0.8357856772539496
653	420	0.7017692252162518
593	262	0.7752150344370604
131	462	0.7514667702626996
745	293	0.882658890130512
217	385	0.7840862368827646
738	71	0.8477089533361918
459	146	0.882658890130512
39	154	0.8127952797244248
39	155	0.8127952797244248
748	262	0.668740304976422
486	668	0.6795129029542789
420	525	0.882658890130512
492	554	0.7158621158597871
712	604	0.7598347358528301
81	410	0.9036008741023988
229	207	0.910081606019087
422	500	0.8886450927224068
251	784	0.8520451754867107
361	51	0.8602806544914777
639	682	0.882658890130512
753	168	0.668740304976422
676	3	0.7795354575489502
67	663	0.6536711238648317
361	359	0.8602806544914777
140	309	0.6834748429486355
479	792	0.7410130562283901
754	155	0.6834748429486355
738	81	0.765286392849854
359	420	0.8602806544914777
39	142	0.7410130562283901
39	147	0.9036008741023988
486	676	0.7369076559047278
133	426	0.7071067811865476
361	47	0.8080815789293819
712	617	0.7598347358528301
251	790	0.7453346013176595
225	260	0.7993411655468732
225	262	0.7071067811865476
131	449	0.8111948018054888
593	281	0.8602806544914777
422	511	0.882658890130512
593	284	0.7329968817300652
261	635	0.668740304976422
261	636	0.9036008741023988
655	420	0.8602806544914777
197	585	1.0
418	602	0.882658890130512
417	619	0.882658890130512
423	507	0.668740304976422
514	381	0.7993411655468732
130	450	0.980915213647546
711	637	0.8111948018054888
747	295	0.8658143841441651
34	197	0.980915213647546
199	555	0.882658890130512
758	121	0.8602806544914777
589	39	0.9036008741023988
127	520	0.8602806544914777
235	117	0.8127952797244248
72	541	0.8345462955839212
141	359	0.7795354575489502
560	686	0.7752150344370604
666	344	0.6471637348840823
716	663	0.6536711238648317
142	340	0.9774670514959272
560	687	0.7752150344370604
238	165	0.8080815789293819
714	691	0.9619720005271951
81	466	0.8602806544914777
32	5	0.8127952797244248
560	691	0.8080815789293819
666	350	0.7547148940075067
269	642	0.5934541723857226
140	359	0.7530803432364729
727	502	0.7431453979204301
727	507	0.7369076559047278
457	8	0.8602806544914777
140	353	0.7929165875686217
140	351	0.8036011866537396
658	492	0.6855359343071672
81	453	0.7795354575489502
39	199	0.7752150344370604
267	676	0.6536711238648317
625	801	0.6876560219336321
133	471	0.9170040432046712
663	51	0.7563868244827463
428	558	0.7369076559047278
666	365	0.8500933406285649
330	762	0.7410130562283901
718	663	0.7876580337636601
204	507	0.668740304976422
728	507	0.6920798966795321
558	778	0.8127952797244248
39	189	0.7752150344370604
72	598	0.8177654339579425
539	122	0.6006797757522498
676	217	0.7888808384594459
672	260	0.8550483635616358
557	792	0.6654707678126904
238	199	0.8357856772539496
732	426	0.6231143658502413
536	165	0.7329968817300652
200	562	0.8716844532600401
129	544	0.7168961632159194
283	420	0.7410130562283901
71	593	0.9235789319955533
730	450	0.6834748429486355
142	307	0.7410130562283901
67	686	0.668740304976422
560	642	0.8111948018054888
528	228	0.8658143841441651
151	237	0.7369076559047278
661	361	0.7108780460172549
712	672	0.6795129029542789
525	262	0.7752150344370604
182	705	0.7939521481469657
789	642	0.6967730926836612
142	39	0.7410130562283901
136	490	0.8408964152537145
261	690	0.9036008741023988
20	309	0.7355826385604035
663	343	0.7563868244827463
714	650	0.8357856772539496
514	99	0.7547148940075067
372	257	0.9036008741023988
715	643	0.8589471765151838
12	427	0.980915213647546
142	372	0.7410130562283901
269	605	0.7888808384594459
238	133	0.7369076559047278
141	385	0.8886450927224068
672	200	0.7071067811865476
657	467	0.7071067811865476
531	160	0.7638870753422515
236	164	0.7840862368827646
663	359	0.7563868244827463
237	151	0.7369076559047278
418	674	0.6757463285468237
716	642	0.5829294341034835
716	640	0.672162112443282
237	157	0.7840862368827646
142	361	0.7410130562283901
529	239	1.0
270	560	0.7071067811865476
141	372	0.7369076559047278
557	740	0.7410130562283901
425	557	0.9381427059852853
372	270	0.7773488938158333
417	691	0.7752150344370604
528	250	0.7052859178271615
258	792	0.7671806770745353
83	462	0.7498942093324559
418	686	0.7329968817300652
429	511	0.882658890130512
237	165	0.7752150344370604
238	152	0.7795354575489502
69	698	0.672162112443282
238	154	0.8886450927224068
430	462	0.6459303681934883
150	217	0.6757463285468237
141	361	0.8127952797244248
136	462	0.6623376993482669
789	675	0.942942047540283
623	802	0.6564484546204755
129	589	0.668740304976422
77	566	0.9588138996728659
559	730	0.6834748429486355
331	727	0.8177654339579425
382	123	0.9505804190652317
281	409	0.7773488938158333
714	686	0.7329968817300652
725	511	0.9619720005271951
83	450	0.7369076559047278
259	790	0.6196621154581495
183	738	0.765286392849854
92	25	0.8658143841441651
452	217	0.6795129029542789
574	565	1.0
503	528	0.7876580337636601
740	344	0.7424289831881338
154	238	0.8886450927224068
13	474	0.8408964152537145
727	580	0.8886450927224068
91	48	0.7731377071413946
213	426	0.7256998389057147
141	81	0.7795354575489502
632	753	0.8779354995076653
502	540	0.6757463285468237
679	243	0.6536711238648317
152	251	0.8230273146135424
633	745	0.9036008741023988
444	18	0.7329968817300652
182	735	0.7939521481469657
151	262	0.7795354575489502
585	407	0.9619720005271951
181	740	0.672162112443282
184	709	0.668740304976422
733	481	0.7274631001239567
732	497	0.833329732468209
678	262	0.6509980380274076
146	359	0.7329968817300652
578	534	0.6757463285468237
602	287	0.8357856772539496
738	429	0.6967730926836612
146	350	0.7752150344370604
142	56	0.7410130562283901
574	587	0.8177654339579425
92	359	0.7329968817300652
687	121	0.668740304976422
614	109	0.7795354575489502
481	733	0.7274631001239567
605	258	0.7099183944187994
687	122	0.7438689130822451
728	593	0.8050704027214417
578	548	0.8080815789293819
740	29	0.7795354575489502
151	243	0.6564484546204755
343	663	0.7563868244827463
91	359	0.7329968817300652
741	361	0.668740304976422
345	642	0.7894971074910664
481	744	0.7752150344370604
78	595	0.6757463285468237
444	308	0.882658890130512
20	384	0.8658143841441651
722	593	0.6795129029542789
95	32	0.8716844532600401
558	790	0.6757463285468237
331	778	0.6967730926836612
385	141	0.8886450927224068
727	542	0.8716844532600401
157	237	0.7840862368827646
183	761	0.7598347358528301
674	266	0.9774670514959272
602	237	0.668740304976422
18	444	0.7329968817300652
385	154	0.7795354575489502
20	361	0.7329968817300652
741	307	0.8080815789293819
180	790	0.8127952797244248
184	745	0.7329968817300652
108	804	0.7993411655468732
157	229	0.7888808384594459
108	801	0.6876560219336321
184	740	0.7369076559047278
151	298	0.8127952797244248
147	39	0.9036008741023988
278	553	0.7993411655468732
307	243	0.7158621158597871
631	740	0.8177654339579425
203	563	0.8177654339579425
95	360	0.8886450927224068
154	251	0.7453346013176595
385	165	0.7329968817300652
733	450	0.7498942093324559
573	560	0.668740304976422
205	544	0.6213665825010082
578	506	0.9703039181071883
20	359	0.7329968817300652
574	555	0.8177654339579425
283	462	0.7128347517618364
18	420	0.7052859178271615
740	335	0.8463061263544743
160	131	0.7920761564776685
142	81	0.8463061263544743
344	614	0.7030685976108383
99	309	0.634640063475802
361	415	0.942942047540283
165	151	0.8127952797244248
578	595	0.7752150344370604
740	79	0.8408964152537145
361	417	0.8602806544914777
382	5	0.9235789319955533
640	691	0.8408964152537145
26	359	0.672162112443282
189	745	0.8080815789293819
167	126	0.8975149862942068
5	23	1.0
802	560	0.6943900348241819
5	29	0.7752150344370604
167	122	0.7741699987045547
20	81	0.7329968817300652
166	134	1.0
803	552	0.8177654339579425
481	798	1.0
592	357	0.8080815789293819
740	83	0.7840862368827646
593	343	0.942942047540283
738	499	0.8477089533361918
483	774	0.8602806544914777
803	559	0.7017692252162518
492	629	0.7625196310946536
741	74	0.9036008741023988
31	241	0.7498942093324559
444	96	0.6389437431871404
96	394	0.8015850812419996
5	357	0.7752150344370604
29	309	0.789875685371258
591	25	0.7806517579342631
217	462	0.8528934004392494
650	540	0.8357856772539496
744	389	0.9235789319955533
184	792	0.6623376993482669
459	229	0.8886450927224068
99	361	0.6654707678126904
747	359	0.7369076559047278
520	339	0.8658143841441651
740	97	0.8408964152537145
643	672	0.672162112443282
165	131	0.7821066966253725
185	777	0.8995032169557735
591	34	0.7071067811865476
591	39	0.7071067811865476
189	725	0.7329968817300652
756	214	0.8886450927224068
189	721	0.8602806544914777
747	361	0.7795354575489502
319	180	0.882658890130512
492	642	0.7028077040426363
801	599	0.8886450927224068
420	617	0.882658890130512
492	646	0.7355826385604035
803	578	0.7711054127039704
483	792	0.6623376993482669
225	344	0.5969678329894411
165	120	0.942942047540283
20	69	0.8408964152537145
483	796	0.8602806544914777
507	585	0.7752150344370604
298	360	1.0
463	152	0.7410130562283901
146	81	0.668740304976422
262	707	0.8602806544914777
591	48	0.6550459403134614
463	155	0.7840862368827646
290	48	0.6704305643107636
614	197	0.7369076559047278
756	225	0.7071067811865476
464	143	0.9036008741023988
161	168	0.6654707678126904
761	127	0.6564484546204755
747	372	0.672162112443282
647	642	0.5923232025524111
756	229	0.8408964152537145
225	351	0.8177654339579425
467	110	0.9036008741023988
643	691	0.6509980380274076
753	262	0.7410130562283901
92	83	0.8408964152537145
753	266	0.9774670514959272
72	605	0.7993411655468732
197	650	0.668740304976422
196	663	0.723406918474003
287	462	0.8027315018734994
775	802	0.6509980380274076
287	464	0.7329968817300652
29	14	0.9036008741023988
168	155	0.7711054127039704
635	750	0.7329968817300652
640	650	0.7795354575489502
5	67	0.7752150344370604
636	740	0.7369076559047278
586	420	0.7071067811865476
503	569	0.7840862368827646
344	663	0.7164804440360688
131	509	0.7190089911921524
217	418	0.8177654339579425
636	742	0.882658890130512
741	372	0.668740304976422
614	127	0.8127952797244248
29	361	0.7752150344370604
701	806	0.882658890130512
44	108	0.6536711238648317
747	309	0.6389437431871404
452	262	0.672162112443282
196	650	0.8111948018054888
507	529	0.8602806544914777
287	479	0.7498942093324559
586	431	0.7952707287670506
350	560	0.8357856772539496
29	359	0.8602806544914777
27	36	0.8779354995076653
197	635	0.980915213647546
633	790	0.7795354575489502
748	307	0.668740304976422
196	642	0.7038603831224474
62	740	0.7410130562283901
27	17	0.9170040432046712
502	598	0.7711054127039704
741	48	0.6670876672642677
169	122	0.6117220880533059
189	767	0.8602806544914777
168	133	0.6654707678126904
63	733	0.7369076559047278
317	165	0.7329968817300652
207	599	0.9306048591020996
642	650	0.7355826385604035
344	686	0.7017692252162518
121	646	0.7795354575489502
803	530	0.8177654339579425
802	546	0.6943900348241819
687	165	0.668740304976422
34	243	0.7563868244827463
747	327	0.8658143841441651
26	361	0.672162112443282
593	325	0.980915213647546
298	321	0.7369076559047278
5	32	0.8127952797244248
463	116	0.8716844532600401
63	720	0.7993411655468732
650	525	0.8080815789293819
27	350	0.672162112443282
745	357	0.7752150344370604
614	152	0.8716844532600401
509	525	0.7222843827750017
459	207	0.882658890130512
642	661	0.7711054127039704
740	71	0.8658143841441651
197	614	0.7369076559047278
5	382	0.9235789319955533
5	383	1.0
740	72	0.7598347358528301
444	81	0.7329968817300652
372	328	0.8080815789293819
659	507	0.6795129029542789
468	145	0.8500933406285649
359	560	0.8602806544914777
125	663	0.668740304976422
243	100	0.7071067811865476
530	243	0.7158621158597871
168	199	0.7671806770745353
647	691	0.8248504926144331
71	663	0.7158621158597871
595	51	0.9235789319955533
758	250	0.7557140529366451
235	240	1.0
229	357	0.8127952797244248
357	592	0.8080815789293819
421	667	0.9619720005271951
235	246	0.9235789319955533
658	527	0.8177654339579425
422	653	0.7017692252162518
528	312	0.8602806544914777
197	686	0.668740304976422
130	559	0.980915213647546
747	81	0.672162112443282
125	657	0.7410130562283901
790	679	0.8408964152537145
764	148	0.7711054127039704
242	122	0.6411958165340631
792	651	0.8263327116631066
593	81	0.8357856772539496
242	127	0.7292664737217109
359	575	0.9036008741023988
529	307	0.8357856772539496
237	229	0.7369076559047278
196	691	0.7355826385604035
761	183	0.7598347358528301
26	81	0.672162112443282
721	619	0.882658890130512
238	217	0.7410130562283901
243	117	0.6564484546204755
133	515	0.8950154234464502
525	359	0.9036008741023988
44	136	0.7913838578831089
420	689	0.9036008741023988
122	687	0.7438689130822451
199	650	0.8080815789293819
72	642	0.5879817286556615
71	657	0.7071067811865476
262	772	0.8408964152537145
764	155	0.7071067811865476
262	778	0.7752150344370604
748	81	0.668740304976422
524	372	0.7071067811865476
661	462	0.6967730926836612
125	642	0.6423526734545674
525	361	0.7752150344370604
169	165	0.6267508396157416
666	405	0.8325252585949547
657	558	0.7840862368827646
270	647	0.8716844532600401
26	77	0.8463061263544743
372	350	0.7752150344370604
199	640	0.8408964152537145
127	614	0.8127952797244248
167	183	0.882658890130512
595	78	0.6757463285468237
520	81	0.668740304976422
559	803	0.7017692252162518
71	642	0.6710037450515514
262	787	0.7752150344370604
372	359	0.8357856772539496
666	413	0.8248504926144331
792	676	0.7292664737217109
423	669	0.8408964152537145
525	372	0.8080815789293819
594	96	0.7292664737217109
426	631	0.7071067811865476
594	95	0.6936113947301731
270	658	0.6876560219336321
168	161	0.6654707678126904
229	389	0.7369076559047278
764	172	0.7711054127039704
189	790	0.7795354575489502
541	109	0.8080815789293819
421	698	0.8080815789293819
524	48	0.6834748429486355
262	795	0.882658890130512
125	629	0.6876560219336321
241	165	0.7190089911921524
520	96	0.6992305256576715
165	197	0.8357856772539496
422	605	0.6484197773255048
83	517	0.9306048591020996
48	131	0.7786602221325374
589	462	0.7773488938158333
78	614	0.6795129029542789
459	250	0.7052859178271615
790	629	0.8408964152537145
594	367	0.7784367249557977
595	357	0.7329968817300652
593	39	0.668740304976422
653	540	0.7017692252162518
647	658	0.6876560219336321
229	37	0.9170040432046712
77	633	0.7795354575489502
803	598	0.8408964152537145
758	217	0.7840862368827646
141	426	0.7773488938158333
29	87	0.882658890130512
48	121	0.7731377071413946
357	557	0.8127952797244248
418	704	0.6834748429486355
518	439	0.9036008741023988
792	614	0.7292664737217109
747	48	0.668740304976422
298	95	0.8886450927224068
792	618	0.8302672287519948
464	165	0.7329968817300652
486	784	0.8658143841441651
711	733	0.6670876672642677
229	321	0.9170040432046712
761	148	0.6876560219336321
421	630	0.882658890130512
417	721	0.882658890130512
127	663	0.7158621158597871
589	483	0.8080815789293819
422	626	0.882658890130512
463	183	0.672162112443282
560	700	0.9036008741023988
125	686	0.6876560219336321
761	152	0.7634248928964038
661	426	0.6305833524471807
464	178	0.672162112443282
525	328	0.980915213647546
81	525	0.8357856772539496
663	401	0.7563868244827463
745	83	0.672162112443282
789	709	0.942942047540283
590	96	0.5934541723857226
790	650	0.8127952797244248
745	87	0.9036008741023988
262	741	0.9235789319955533
422	635	0.7752150344370604
131	560	0.6608211830666054
72	657	0.7410130562283901
560	714	0.8357856772539496
756	262	0.7329968817300652
761	165	0.7598347358528301
761	166	0.7222843827750017
711	759	0.8177654339579425
361	490	0.9235789319955533
225	55	0.6623376993482669
425	609	0.7795354575489502
595	45	0.9235789319955533
467	154	0.7369076559047278
131	558	0.6623376993482669
67	766	0.9619720005271951
72	662	0.8345462955839212
48	177	0.8200681320366731
229	83	0.7840862368827646
83	557	0.8463061263544743
721	689	0.882658890130512
91	420	0.7329968817300652
81	583	0.8658143841441651
385	217	0.7840862368827646
541	157	0.7840862368827646
718	763	0.9036008741023988
525	81	0.8357856772539496
733	507	0.7498942093324559
725	640	0.7795354575489502
200	658	0.6623376993482669
528	395	0.8658143841441651
544	122	0.7000667471538572
47	190	0.8080815789293819
721	692	0.882658890130512
539	225	0.6286392235217642
544	129	0.7168961632159194
540	172	0.9036008741023988
682	203	0.7993411655468732
536	262	0.7752150344370604
602	316	0.9619720005271951
382	262	0.7329968817300652
529	48	0.7311108341107269
674	340	0.9774670514959272
267	797	0.7947039291180729
78	657	0.7190089911921524
47	184	0.8080815789293819
534	293	0.8177654339579425
730	559	0.6834748429486355
229	67	0.910081606019087
672	29	0.765286392849854
534	298	0.7840862368827646
632	805	0.8779354995076653
678	306	0.8325252585949547
200	672	0.7071067811865476
200	676	0.8520451754867107
83	542	0.8950154234464502
165	5	0.8080815789293819
674	359	0.6757463285468237
278	638	0.9381427059852853
248	152	0.7410130562283901
78	642	0.6992305256576715
77	658	0.6593329981888053
203	642	0.7164804440360688
666	492	0.6459303681934883
248	155	0.7410130562283901
229	51	0.7369076559047278
678	310	0.668740304976422
546	122	0.6435252169199125
205	621	0.9619720005271951
674	361	0.7410130562283901
200	686	0.6757463285468237
77	641	0.9381427059852853
307	333	0.7089704034026478
269	790	0.7190089911921524
78	635	0.6757463285468237
730	578	0.6834748429486355
539	258	0.757754794630823
730	579	0.8050704027214417
237	257	0.9036008741023988
524	397	0.7840862368827646
269	716	0.8325252585949547
540	122	0.7043920612783159
429	609	0.7329968817300652
672	310	0.8080815789293819
426	640	0.7773488938158333
146	452	0.8886450927224068
91	462	0.7071067811865476
155	306	0.8886450927224068
718	725	0.7752150344370604
150	361	0.8357856772539496
20	426	0.7017692252162518
236	270	0.6943900348241819
659	550	0.7888808384594459
422	698	0.7329968817300652
725	604	0.980915213647546
560	774	0.9235789319955533
423	688	0.8602806544914777
152	336	0.9588138996728659
243	151	0.6564484546204755
243	152	0.7598347358528301
766	165	0.668740304976422
150	359	0.8602806544914777
151	340	0.8779354995076653
425	669	0.9381427059852853
235	291	0.942942047540283
657	589	0.7071067811865476
724	621	0.668740304976422
418	790	0.672162112443282
423	691	0.8080815789293819
241	186	0.7975100853149782
674	309	0.6411958165340631
429	626	0.9036008741023988
238	262	0.9036008741023988
672	330	0.7598347358528301
425	672	0.7017692252162518
426	664	0.8177654339579425
77	691	0.7795354575489502
658	588	0.7913838578831089
15	507	0.8008656548064729
83	586	0.7840862368827646
433	544	0.6213665825010082
543	117	0.9170040432046712
725	626	0.942942047540283
529	361	0.7329968817300652
534	263	0.8080815789293819
78	686	0.6757463285468237
560	796	0.9235789319955533
544	109	0.7687280452527601
243	173	0.8177654339579425
540	154	0.672162112443282
270	691	0.7773488938158333
789	790	0.672162112443282
81	593	0.8357856772539496
732	504	0.805815028474375
732	509	0.7480400646793092
91	439	0.882658890130512
524	85	0.7993411655468732
789	798	0.942942047540283
573	605	0.6484197773255048
429	640	0.8127952797244248
78	674	0.7939521481469657
96	444	0.6389437431871404
450	357	0.7752150344370604
733	585	0.7274631001239567
157	323	1.0
20	462	0.7071067811865476
151	395	0.8716844532600401
574	684	0.8248504926144331
278	691	0.7128347517618364
740	464	0.8127952797244248
88	588	0.8212399376175801
585	512	0.9619720005271951
503	646	0.774619080070035
686	231	0.9619720005271951
344	740	0.7424289831881338
590	413	0.7256998389057147
18	531	0.8442383699847695
204	691	0.7329968817300652
602	48	0.703507782745846
545	199	0.6389437431871404
214	535	0.8716844532600401
728	691	0.6920798966795321
150	51	0.8602806544914777
679	361	0.7752150344370604
676	56	0.7795354575489502
12	591	0.6459303681934883
207	663	0.6536711238648317
317	235	0.9235789319955533
691	141	0.8127952797244248
686	242	0.8036011866537396
389	262	0.7752150344370604
450	29	0.7752150344370604
691	142	0.7840862368827646
284	593	0.7329968817300652
802	612	0.8753880833468974
620	101	0.7773488938158333
801	625	0.6876560219336321
674	81	0.8177654339579425
150	48	0.703507782745846
643	715	0.8589471765151838
503	663	0.5923232025524111
640	750	0.8658143841441651
317	240	0.9235789319955533
745	421	0.668740304976422
452	359	0.7369076559047278
444	490	0.882658890130512
687	241	0.7190089911921524
678	48	0.6578771870399094
605	375	0.8080815789293819
150	39	0.668740304976422
285	595	0.7993411655468732
578	663	0.7158621158597871
152	357	0.8127952797244248
462	200	0.8099387760963941
146	462	0.7468267006961234
609	336	0.8658143841441651
801	640	0.7369076559047278
591	430	0.7773488938158333
486	805	0.8716844532600401
687	250	0.7052859178271615
687	257	0.882658890130512
350	666	0.7547148940075067
204	642	0.6367584694948073
728	640	0.8111948018054888
309	319	0.765286392849854
502	611	0.7664188452944263
529	74	1.0
205	635	0.9619720005271951
668	486	0.6795129029542789
733	546	0.7498942093324559
157	362	0.9018249724025682
574	642	0.6459303681934883
740	420	0.7795354575489502
121	701	0.9036008741023988
544	161	0.8094017710202273
539	262	0.7349283867017619
605	310	0.6654707678126904
429	692	0.882658890130512
544	167	0.8230273146135424
5	450	0.9619720005271951
545	152	0.6411958165340631
545	155	0.7017692252162518
385	262	0.7329968817300652
737	502	0.632582058038459
155	39	0.8127952797244248
204	658	0.6564484546204755
157	357	0.8463061263544743
26	426	0.7773488938158333
26	420	0.7369076559047278
602	357	0.8080815789293819
728	658	0.6757463285468237
502	628	0.7664188452944263
574	658	0.6834748429486355
278	663	0.6876560219336321
640	703	0.8127952797244248
640	704	0.7547148940075067
26	429	0.7795354575489502
165	217	0.7840862368827646
344	710	0.7017692252162518
152	67	0.8127952797244248
115	804	0.8630067105867871
307	357	0.8357856772539496
741	420	0.8080815789293819
544	178	0.681468250301921
307	54	0.980915213647546
385	270	0.7071067811865476
154	385	0.7795354575489502
389	229	0.7369076559047278
307	51	0.7752150344370604
546	152	0.7369076559047278
204	663	0.6536711238648317
204	665	0.8408964152537145
155	26	0.7840862368827646
290	447	0.7993411655468732
154	39	0.8127952797244248
281	593	0.8602806544914777
602	363	0.882658890130512
738	507	0.6967730926836612
205	653	0.7711054127039704
150	81	0.7752150344370604
502	633	0.7128347517618364
602	361	0.7329968817300652
309	29	0.789875685371258
502	635	0.6757463285468237
161	258	0.8658143841441651
543	191	0.9588138996728659
309	20	0.7355826385604035
283	579	0.787251908934188
203	682	0.7993411655468732
385	281	0.9619720005271951
728	670	0.8050704027214417
248	199	0.672162112443282
682	262	0.6305833524471807
5	418	0.7752150344370604
450	346	0.980915213647546
546	165	0.7752150344370604
350	617	0.882658890130512
95	467	0.8886450927224068
502	642	0.7108780460172549
678	357	0.6509980380274076
744	401	0.9235789319955533
154	26	0.7840862368827646
672	81	0.6967730926836612
155	357	0.8408964152537145
640	725	0.7795354575489502
307	39	0.7752150344370604
389	243	0.6536711238648317
444	462	0.7468267006961234
585	507	0.7752150344370604
5	420	0.7752150344370604
602	38	0.980915213647546
154	361	0.7795354575489502
15	165	0.717735314556266
573	292	0.9235789319955533
756	792	0.7256998389057147
108	502	0.6267508396157416
635	430	0.8080815789293819
238	725	0.8080815789293819
269	85	0.8177654339579425
100	593	0.6593329981888053
350	234	0.9036008741023988
738	133	0.7017692252162518
250	507	0.7557140529366451
204	298	0.8357856772539496
733	199	0.7498942093324559
205	288	0.9619720005271951
766	642	0.6367584694948073
338	465	0.8453820403821071
243	633	0.7563868244827463
178	544	0.681468250301921
243	635	0.7563868244827463
182	457	0.7939521481469657
642	320	0.9613804251229012
344	359	0.7711054127039704
737	159	0.7711054127039704
737	158	0.7840862368827646
802	217	0.7382528143599749
764	678	0.7410130562283901
468	686	0.7475831952268926
775	504	0.8477089533361918
468	689	0.8408964152537145
242	657	0.7017692252162518
474	578	0.7711054127039704
585	133	0.672162112443282
344	361	0.7229562189425532
758	790	0.7795354575489502
44	642	0.6855359343071672
541	614	0.7369076559047278
181	455	0.942942047540283
18	117	0.757754794630823
542	602	0.8127952797244248
701	509	0.6593329981888053
632	492	0.6367584694948073
180	466	0.882658890130512
764	686	0.7017692252162518
268	71	0.9036008741023988
180	462	0.7071067811865476
15	131	0.8046991349561422
184	415	0.882658890130512
639	413	0.8672488792828035
169	672	0.7017692252162518
639	419	0.7993411655468732
766	663	0.7158621158597871
541	621	0.668740304976422
235	790	0.672162112443282
350	262	0.7752150344370604
350	264	0.882658890130512
642	345	0.7894971074910664
115	420	0.7468267006961234
236	702	0.6163735256687352
573	250	0.7752150344370604
52	560	0.7017692252162518
189	429	0.7329968817300652
733	146	0.7498942093324559
463	687	0.672162112443282
464	676	0.7795354575489502
189	420	0.8357856772539496
287	109	0.7329968817300652
730	188	0.8050704027214417
464	679	0.9036008741023988
753	790	0.6795129029542789
627	532	0.8207327620309357
754	783	0.8995032169557735
105	570	0.7981600674273155
755	772	0.8658143841441651
56	507	0.7329968817300652
185	462	0.6757463285468237
189	417	0.9036008741023988
178	589	0.672162112443282
53	541	0.7329968817300652
697	591	0.7468267006961234
464	689	0.668740304976422
178	583	0.8463061263544743
640	307	0.8127952797244248
39	793	0.9036008741023988
631	452	0.6757463285468237
283	168	0.7203031067079846
635	407	0.980915213647546
631	450	0.7369076559047278
285	145	0.7939521481469657
47	642	0.6710037450515514
467	657	0.7071067811865476
241	623	0.7017692252162518
468	642	0.7287467161519112
733	165	0.7274631001239567
205	258	0.668740304976422
184	462	0.6459303681934883
48	631	0.7557140529366451
18	154	0.7947039291180729
772	502	0.7148397874996596
718	81	0.7329968817300652
764	642	0.5912066255476627
727	287	0.8886450927224068
176	593	0.7711054127039704
635	422	0.7752150344370604
48	627	0.7629025855722444
345	320	0.7728420708018046
481	421	0.7329968817300652
801	207	0.882658890130512
544	635	0.6795129029542789
357	229	0.8127952797244248
248	642	0.6378416524597782
589	147	0.9036008741023988
403	595	0.7993411655468732
585	197	1.0
540	686	0.8080815789293819
585	199	0.668740304976422
514	158	0.7598347358528301
122	338	0.9300868483181676
486	458	0.882658890130512
122	333	0.6936113947301731
361	141	0.8127952797244248
703	546	0.8357856772539496
542	669	0.9381427059852853
261	415	0.9235789319955533
56	568	0.8602806544914777
55	578	0.8513067785460409
790	319	0.8127952797244248
642	51	0.7355826385604035
385	742	0.9619720005271951
309	801	0.7355826385604035
486	462	0.6459303681934883
643	48	0.6578771870399094
551	526	0.9235789319955533
536	787	0.882658890130512
250	592	0.8080815789293819
361	150	0.8357856772539496
420	328	0.882658890130512
640	81	0.7795354575489502
589	162	0.9036008741023988
539	756	0.7947039291180729
589	165	0.7329968817300652
344	51	0.8177654339579425
115	442	0.8630067105867871
262	418	0.7752150344370604
248	663	0.7190089911921524
509	276	0.7840862368827646
185	492	0.6593329981888053
778	558	0.8127952797244248
492	361	0.7329968817300652
712	419	0.7840862368827646
382	798	1.0
803	298	0.7017692252162518
543	676	0.9170040432046712
262	420	0.7752150344370604
47	691	0.7752150344370604
262	421	0.8080815789293819
47	690	0.8080815789293819
548	619	0.9036008741023988
344	45	0.8072508255636011
650	281	1.0
518	137	0.882658890130512
109	544	0.7687280452527601
109	541	0.8080815789293819
359	237	0.8602806544914777
778	560	0.7329968817300652
259	509	0.6704305643107636
492	372	0.7869313010765002
542	695	0.9588138996728659
122	302	0.9505804190652317
703	573	0.7752150344370604
417	420	0.8080815789293819
51	595	0.9235789319955533
196	309	0.7089704034026478
421	339	0.8658143841441651
642	81	0.7355826385604035
578	275	0.980915213647546
241	687	0.7190089911921524
160	729	0.7773488938158333
121	48	0.7731377071413946
772	560	0.7369076559047278
585	152	0.672162112443282
585	155	0.7369076559047278
636	462	0.7071067811865476
531	790	0.613237563517304
248	608	0.9411154912368994
509	217	0.7292664737217109
71	343	0.9235789319955533
344	389	0.7229562189425532
197	20	0.668740304976422
803	237	0.7017692252162518
492	309	0.7349283867017619
643	348	0.8487219444765969
629	591	0.6459303681934883
242	686	0.8036011866537396
479	548	0.7939521481469657
122	21	0.8874195313564058
217	141	0.7888808384594459
540	650	0.8357856772539496
540	653	0.7017692252162518
514	122	0.6593329981888053
766	686	0.7752150344370604
536	740	0.8127952797244248
121	31	0.7369076559047278
536	744	0.8602806544914777
310	712	0.6757463285468237
642	361	0.7355826385604035
636	479	0.6834748429486355
345	387	0.7694036042580963
738	183	0.765286392849854
778	509	0.7222843827750017
131	217	0.7274631001239567
117	462	0.7498942093324559
507	250	0.7557140529366451
483	462	0.7071067811865476
67	420	0.668740304976422
197	357	0.7752150344370604
643	353	0.8513067785460409
361	117	0.8127952797244248
121	372	0.7329968817300652
72	309	0.6484197773255048
643	359	0.7128347517618364
704	508	0.8177654339579425
237	796	0.882658890130512
642	20	0.7355826385604035
283	5	0.6757463285468237
196	361	0.8111948018054888
121	27	0.7369076559047278
160	705	0.7773488938158333
109	595	0.7752150344370604
540	663	0.7563868244827463
676	806	0.8886450927224068
509	236	0.7773488938158333
63	457	0.7993411655468732
701	541	0.9036008741023988
199	328	0.8080815789293819
772	587	0.8886450927224068
642	372	0.7512448476025466
117	453	0.9588138996728659
643	361	0.7840862368827646
71	325	0.9235789319955533
653	205	0.7711054127039704
357	214	0.8658143841441651
196	359	0.8111948018054888
544	621	0.6213665825010082
357	217	0.7840862368827646
344	81	0.7229562189425532
238	795	0.9619720005271951
585	183	0.7329968817300652
217	165	0.7840862368827646
540	674	0.6757463285468237
217	167	0.7840862368827646
250	573	0.7752150344370604
121	359	0.7752150344370604
117	444	0.8408964152537145
492	335	0.8111948018054888
420	309	0.8111948018054888
643	372	0.7128347517618364
361	136	0.8408964152537145
687	733	0.6638874866864138
620	605	0.632582058038459
691	647	0.8248504926144331
396	642	0.6378416524597782
546	698	0.8080815789293819
689	713	0.9235789319955533
663	141	0.7598347358528301
127	12	0.980915213647546
270	348	0.8177654339579425
548	676	0.672162112443282
647	71	0.8248504926144331
420	51	0.8602806544914777
418	462	0.8027315018734994
655	280	0.8602806544914777
790	396	0.8177654339579425
127	357	0.7752150344370604
492	81	0.7329968817300652
687	742	0.8602806544914777
790	53	0.8127952797244248
131	262	0.7462269326546865
790	51	0.8127952797244248
270	351	0.8177654339579425
396	658	0.6593329981888053
161	740	0.7410130562283901
133	238	0.7369076559047278
72	361	0.6876560219336321
718	416	0.882658890130512
417	482	0.882658890130512
331	509	0.6834748429486355
321	669	0.8950154234464502
31	802	0.765286392849854
423	372	0.668740304976422
620	621	0.7498942093324559
389	787	0.942942047540283
67	464	0.9235789319955533
686	766	0.7752150344370604
429	307	0.882658890130512
69	424	0.8886450927224068
63	499	0.7993411655468732
792	389	0.7256998389057147
330	524	0.7840862368827646
130	262	0.668740304976422
557	542	0.9381427059852853
718	429	0.7329968817300652
663	167	0.7563868244827463
586	2	0.8716844532600401
160	740	0.7089704034026478
267	442	0.8345462955839212
331	519	0.8111948018054888
647	91	0.8248504926144331
389	792	0.7256998389057147
133	221	0.910081606019087
730	200	0.8050704027214417
199	361	0.8080815789293819
686	772	0.7795354575489502
620	635	0.7498942093324559
725	307	0.9619720005271951
158	803	0.7840862368827646
792	396	0.8309363615501552
790	72	0.8050704027214417
196	397	0.9123367196696422
63	484	0.8408964152537145
270	372	0.7773488938158333
658	270	0.6876560219336321
462	725	0.8027315018734994
462	727	0.8062617601696218
423	48	0.7311108341107269
197	34	0.980915213647546
199	359	0.8080815789293819
659	260	0.8080815789293819
792	53	0.7256998389057147
709	581	0.9619720005271951
420	81	0.8080815789293819
792	57	0.7369076559047278
133	211	0.9170040432046712
333	502	0.6757463285468237
333	505	0.7677307060071412
319	750	0.8602806544914777
716	461	0.8408964152537145
67	443	0.9381427059852853
492	31	0.6967730926836612
554	518	0.8177654339579425
691	609	0.7752150344370604
141	155	0.7410130562283901
141	152	0.7410130562283901
711	443	0.7913838578831089
420	350	0.8080815789293819
199	81	0.8080815789293819
129	379	0.9036008741023988
321	611	0.8950154234464502
420	359	0.8602806544914777
421	344	0.6757463285468237
71	81	0.7752150344370604
317	707	0.882658890130512
420	14	0.9036008741023988
78	344	0.5890399987211682
687	700	0.8602806544914777
544	687	0.8067798302828366
691	614	0.7795354575489502
643	81	0.6509980380274076
258	539	0.757754794630823
83	229	0.7840862368827646
687	709	0.668740304976422
792	336	0.8036011866537396
421	350	0.8080815789293819
790	361	0.8127952797244248
663	115	0.7329968817300652
658	217	0.7256998389057147
361	196	0.8111948018054888
539	792	0.7311108341107269
361	199	0.8080815789293819
83	237	0.7795354575489502
539	793	0.8104079808779274
389	744	0.9235789319955533
258	542	0.8127952797244248
560	421	0.7752150344370604
647	48	0.6249091408424745
420	29	0.980915213647546
359	264	0.9235789319955533
711	464	0.8177654339579425
385	796	0.9036008741023988
141	133	0.7410130562283901
69	463	0.7840862368827646
72	48	0.6757463285468237
420	372	0.8080815789293819
658	225	0.7993411655468732
262	467	0.7752150344370604
659	217	0.6876560219336321
319	703	0.882658890130512
131	283	0.809236881954938
140	138	0.8099387760963941
712	462	0.6367584694948073
712	463	0.7634248928964038
199	51	0.8357856772539496
122	81	0.7043920612783159
165	718	0.8080815789293819
81	238	0.8080815789293819
121	91	0.8602806544914777
691	640	0.8408964152537145
710	490	0.882658890130512
418	450	0.7329968817300652
214	8	0.8658143841441651
319	710	0.8602806544914777
686	744	0.942942047540283
623	650	0.7071067811865476
727	339	0.8950154234464502
627	605	0.6180004612062344
141	199	0.8127952797244248
694	691	0.7329968817300652
168	753	0.668740304976422
429	26	0.7795354575489502
623	657	0.7840862368827646
165	787	0.8080815789293819
620	698	0.7099183944187994
444	117	0.8408964152537145
697	669	0.910081606019087
83	287	0.8408964152537145
331	580	0.8111948018054888
633	502	0.7128347517618364
468	713	0.8408964152537145
91	137	0.882658890130512
205	324	0.980915213647546
559	591	0.6459303681934883
425	81	0.7369076559047278
146	121	0.7329968817300652
464	766	0.942942047540283
