585	197	0.989631427014906
585	199	0.7910361125506176
704	525	0.9045831926512401
589	147	0.9397184813106605
544	635	0.827448761899968
248	642	0.789601669729354
403	595	0.9129198790812046
539	738	0.8952244647287342
509	250	0.8669368189915823
542	669	0.9568552502772081
653	222	0.9043736846876202
57	552	0.8697938438001794
261	415	0.9542432307430512
56	562	0.9459317317905355
703	546	0.8879203706441081
586	186	0.899329945233379
643	39	0.8597237966154053
486	458	0.8982747823268068
421	301	0.8849293233025064
385	742	0.9766229018462679
486	462	0.717735314556266
196	359	0.8358997052526063
47	691	0.8504784554357933
479	586	0.8286056549951747
509	262	0.8871539180147134
217	185	0.8380027548363328
117	453	0.9903222101013737
785	421	0.897253597610714
109	595	0.8363852962678435
422	301	0.8445976971491609
646	11	0.8854928092528445
361	158	0.8571880246655207
704	544	0.9152500378893479
589	162	0.9381427059852853
712	404	0.9180566517114608
679	800	0.9277368012205711
310	754	0.7705488126554799
420	327	0.8891894870864768
283	5	0.7642160112328792
310	758	0.803895384622623
420	328	0.9149569560047586
589	129	0.8318877133573414
801	270	0.8352315318498111
217	150	0.8350903858156606
704	509	0.856491278764221
540	663	0.7985229283283568
483	464	0.8266174545077889
643	359	0.8598353703057476
72	309	0.8799006996627021
413	413	1.0
88	9	0.9063118675060351
643	361	0.9014430636873605
730	3	0.7207791314405023
506	275	0.9605296885354108
730	5	0.7410130562283901
539	720	0.8989668928597964
481	492	0.769199803193675
802	262	0.8708448024835097
586	168	0.8030743648364942
642	372	0.8626837366789426
585	183	0.7769034439185291
509	241	0.8969649178604391
238	795	0.9809681323808969
540	674	0.846510968757142
544	621	0.8309637796124736
413	420	0.8038780997094013
639	459	0.8030047129713426
643	372	0.8177654339579425
803	262	0.8399847955962927
483	483	1.0
108	586	0.8263754668940264
361	136	0.8915033357409108
125	301	0.8640818561248245
196	309	0.8448786957096938
585	152	0.7301831298028207
766	679	0.8871712576009378
288	175	0.9832826335160089
772	560	0.8215619976126725
585	155	0.8140103575305212
122	302	0.9877880985855967
242	672	0.7707733372800852
52	560	0.7966048880559908
109	541	0.8584133419346565
492	301	0.8808004905696203
250	544	0.9008862381453249
213	185	0.9526674594545465
310	709	0.7820088904900829
509	217	0.870174933745386
531	790	0.7153026668778109
636	462	0.7252649589449989
109	544	0.8486273354287737
766	686	0.7490831345911275
540	650	0.822257597461646
47	659	0.949634277346353
344	48	0.8495935971544446
344	45	0.9255378433344223
801	262	0.8537281981941477
540	653	0.8550483635616358
514	122	0.7082192787411004
701	530	0.8937265015569561
536	740	0.8071052468141224
56	507	0.8177654339579425
492	309	0.8635733771324058
803	237	0.8577528268312534
52	553	0.901254271902852
544	605	0.8303774826933814
534	764	0.9875672379339318
242	686	0.729412225021129
310	716	0.7410130562283901
738	183	0.8433847703158054
185	492	0.853053213104245
778	509	0.9049509025485154
640	44	0.8507655238479543
251	544	0.9252280857720254
483	462	0.7881818297432359
481	481	1.0
540	658	0.8735661079964226
115	442	0.9270312369954422
636	479	0.8526380264663638
310	712	0.770246141845551
39	793	0.9672637096565843
382	740	0.7759554959208202
468	689	0.922716933591816
48	678	0.8666307798827213
242	657	0.792146431218711
766	657	0.7921592037569014
242	658	0.8040910987150744
474	578	0.7781042539601155
585	133	0.8076418574535376
629	560	0.9004676833236313
468	686	0.7364373372141032
734	191	0.8379424392814963
775	504	0.992110551906266
189	417	0.9308238877334936
701	509	0.779614035075861
542	602	0.7382528143599749
632	492	0.804527375382582
178	589	0.7955561703464776
250	525	0.8902120931818084
772	548	0.8903953482602752
185	462	0.8465510932756181
541	614	0.8224836423462046
640	361	0.8512450426743956
766	663	0.8281339599532431
801	241	0.8401752880684639
189	420	0.8200881759863378
764	686	0.8261377416249157
206	298	0.9116864855873945
503	270	0.8425416704174866
586	139	0.9012050888808872
189	426	0.8274769990991748
764	695	0.9682855965260888
643	333	0.9399635754248192
702	507	0.9442706826711745
243	657	0.7758373540830671
196	302	0.995824484699649
115	420	0.8368819656270908
541	621	0.8271613001277722
235	790	0.7919354759224869
350	262	0.9000843315506413
189	429	0.8228757311212488
269	91	0.937004293577629
41	698	0.7947538712356279
635	430	0.8841474461810914
573	292	0.9665787581189639
15	165	0.7940463936281187
764	658	0.8137672982726186
586	108	0.8263754668940264
212	157	0.8357856772539496
183	463	0.8038665749884153
238	725	0.8800047332478631
344	344	1.0
766	642	0.7889728369977673
338	462	0.8230273146135424
242	647	0.8880180052206802
204	299	0.9616337997794723
176	593	0.8243296977794567
338	465	0.9908537568653562
242	649	0.9577544030170436
178	574	0.8983462794118453
41	682	0.91948386552501
738	133	0.864175660815655
728	293	0.8699563641530474
250	509	0.8669368189915823
643	307	0.8743460967613468
344	359	0.9172353823569603
642	320	0.945493863663658
184	462	0.7685624500894962
764	674	0.8083313063879048
802	217	0.8453293687290367
217	105	0.845069726622771
343	366	0.9484300214597442
243	635	0.7619007346238403
672	801	0.8101463337327133
53	509	0.8559911629349679
502	238	0.7739898543837166
728	262	0.8131680511662575
47	642	0.8406817950459473
737	117	0.8016027152262545
468	642	0.8379208906447806
467	658	0.7826570040322787
205	258	0.7880494534065142
467	657	0.8010784152983509
758	757	0.9349204118300388
758	758	1.0
728	270	0.8338392594431808
178	544	0.869418239569024
636	409	0.8379553666018293
238	704	0.8806423499563413
718	81	0.765797447546301
204	270	0.8422884160262405
288	117	0.7942409198545632
238	707	0.9575039131577503
278	278	1.0
631	462	0.8346792295915899
772	502	0.8312011379452383
100	593	0.85169960981777
269	81	0.8036935652308637
100	590	0.8543242284724099
534	702	0.7802477685132633
15	177	0.8943616643964504
635	421	0.8273640098071555
343	343	1.0
578	224	0.9558610170215691
182	462	0.6461353043151039
467	672	0.7107648934717476
506	203	0.9413485111339231
18	148	0.736110167564349
764	650	0.7711054127039704
762	676	0.7528526131252409
481	421	0.7666439364163777
733	146	0.8106364380546994
268	63	0.9270312369954422
463	687	0.8175505730502602
41	653	0.7966048880559908
105	509	0.8488873328837113
176	549	0.8785867727464557
715	91	0.9357526930967192
236	700	0.9197939411793365
573	250	0.836585955166506
34	778	0.8615856330034968
236	702	0.8534101315192772
764	614	0.9069102510438317
753	790	0.7920569830622743
344	307	0.8529961612101152
627	532	0.9879092886452536
44	623	0.8095664252851134
727	262	0.8247060581775836
698	573	0.8322860147722765
39	725	0.8634511694693154
756	756	1.0
287	109	0.7970461532068551
328	575	0.9662564641954162
464	679	0.8972722859166335
169	672	0.8144213440268967
207	217	0.7779811321713732
32	790	0.8075302692503236
655	7	0.9096821226083763
401	509	0.7446151159540316
770	517	0.8357856772539496
180	462	0.7646585084956424
277	277	1.0
754	783	0.9441772809620199
753	799	0.9557237851549638
733	155	0.8022708029465715
78	298	0.9365521380570536
39	712	0.8467675359484882
343	325	0.950719369647032
203	275	0.976947047212202
635	407	0.9739045069575732
640	307	0.8730821889060805
631	451	0.9172628410687979
697	591	0.8738908928483949
283	168	0.8074967717311953
640	305	0.9185514870691414
733	129	0.8513607717377184
756	730	0.74185942261631
623	556	0.9268505342960247
573	237	0.8284284061170607
52	502	0.7952707287670506
754	754	1.0
699	534	0.8374588174539211
560	81	0.8392325767522875
281	151	0.7798138008070111
18	117	0.770626286675282
278	238	0.8389594222566324
167	679	0.9112679550347021
631	420	0.8743844887744733
178	501	0.9096360425531292
206	206	1.0
631	426	0.8380974750685749
464	653	0.8281339599532431
459	754	0.8289779453006787
169	657	0.8393646625508067
44	640	0.8507655238479543
44	642	0.821823947849607
464	657	0.8205133013497633
789	81	0.7096980801235984
52	509	0.7540766701169683
761	635	0.8739358459190768
754	768	0.9446306079401663
180	447	0.9721075010751993
51	509	0.8578881389934516
734	122	0.8001892905684771
474	502	0.7227634982604245
718	399	0.985167403569451
755	755	1.0
205	225	0.8335758290812872
44	629	0.7930116976200952
698	564	0.920398502999266
727	250	0.8136879298250131
180	450	0.7650747830890129
130	5	0.971799364607216
761	642	0.7862267667807087
756	748	0.9160283934785963
207	207	1.0
204	204	1.0
331	452	0.7299445319361288
558	476	0.875044900792066
319	677	0.955002770993081
269	359	0.8138043183454049
13	109	0.809862213546025
718	361	0.7979053759969572
12	125	0.9778842964263469
167	658	0.8376663233190511
167	657	0.8304417502006554
269	361	0.8423424329797862
12	127	0.9900060758345722
762	601	0.9249888178929091
12	122	0.8090111525364259
559	463	0.7864889668996123
716	48	0.8307946005818709
78	262	0.8247156926504341
429	250	0.8789728368338063
331	462	0.8349092980621697
41	605	0.8138254673811572
614	691	0.7526974807651166
733	116	0.8664502023049936
728	217	0.8115781327434578
750	792	0.6509980380274076
689	689	1.0
205	205	1.0
753	753	1.0
418	81	0.7586226906454617
204	219	0.9443285592693291
200	262	0.8519799770934995
718	372	0.7638870753422515
204	217	0.8474782657448204
12	109	0.8290383320708735
714	81	0.8350683166557868
167	663	0.8408964152537145
463	658	0.8329618774933595
614	695	0.9318665465011752
169	642	0.8135767228756423
77	262	0.8572835637935659
730	152	0.7803471296900203
278	225	0.8190817519819414
714	48	0.8407281181273046
698	509	0.7888085011711815
698	507	0.8371512202393843
789	383	0.9617471733578142
658	180	0.9112176408379926
321	595	0.8153329629211231
657	199	0.8816546557516062
319	657	0.8584460925387861
319	658	0.8878312853392749
714	44	0.8284097328894051
621	539	0.8035434122719618
557	462	0.7132761946162434
621	537	0.9913341681747045
730	122	0.6873253911827417
621	541	0.8271613001277722
716	374	0.9053852640407161
321	597	0.8673436983370084
426	269	0.8502062785431881
31	799	0.932805533904016
399	554	0.8842687326824222
453	790	0.8201783313477712
558	462	0.8289825915301853
557	479	0.7700672526408048
317	691	0.8308174767092019
559	450	0.9981075120464011
203	203	1.0
429	238	0.8836016970311196
556	483	0.985202095323442
270	290	0.8498632456582543
687	687	1.0
621	544	0.8309637796124736
328	525	0.9924510287202309
333	426	0.8494722554252582
84	164	0.928547889361206
319	672	0.7957110014608578
433	157	0.8356978892464221
753	740	0.846193516110019
761	609	0.7922549518720796
725	238	0.8800047332478631
711	93	0.8968283704783873
718	359	0.7563162034231224
659	183	0.810544021585782
658	199	0.8869456577131256
333	420	0.8719195883010528
712	81	0.8457985520002582
67	48	0.7504458340012014
789	361	0.7161419906454535
81	142	0.8608849476900937
330	429	0.8359435331977055
605	789	0.8555970409205581
429	204	0.8640888070654569
78	217	0.8075637570455978
792	287	0.765910691718308
748	802	0.9834091678338962
155	793	0.9502985185999987
787	389	0.9906816901968402
725	204	0.8596301404635601
200	217	0.9553233095718834
319	642	0.8186310956609437
716	350	0.8407196970777028
659	155	0.7883867060047651
31	733	0.7843261015085824
327	507	0.8337991127912454
694	541	0.905890598504238
63	81	0.8233883710496004
81	131	0.8531596385652651
750	750	1.0
560	32	0.8188287880103418
556	462	0.7980812951491765
83	109	0.6844992793366255
270	270	1.0
225	803	0.9290489121502152
686	686	1.0
418	396	0.7656030415281049
328	507	0.8347323617248436
803	5	0.8190817519819414
331	429	0.8870989936687058
560	39	0.8193946697245333
281	109	0.7748354844274656
554	492	0.770106166349006
623	509	0.8168984590207059
136	155	0.8334908713826511
657	154	0.851407032545985
31	753	0.9520570461936777
67	67	1.0
658	142	0.8761788933088737
418	359	0.7634910389712627
117	80	0.8405216322340422
560	344	0.8235441609414288
309	778	0.9049609620853418
259	457	0.8777954999585864
609	725	0.8503074440201986
418	363	0.9968926648459221
714	359	0.8349092980621697
709	450	0.9517870288160931
718	307	0.7694036042580963
453	740	0.851976140806063
679	778	0.827448761899968
609	720	0.9061026507319937
317	642	0.834785470194986
321	559	0.7530803432364729
130	198	0.9952931863152633
548	578	0.7814413247076518
154	795	0.9521768820521803
657	162	0.941942600907252
621	507	0.8135767228756423
270	255	0.9897510465017125
557	438	0.9739315792875575
712	39	0.8467675359484882
433	109	0.7853347495651833
200	200	1.0
259	462	0.7668365041369769
686	658	0.7840862368827646
83	129	0.6834748429486355
556	445	0.9212513451836043
715	350	0.7747459891104657
714	366	0.9866363773967433
614	635	0.7711054127039704
389	686	0.9864920922169154
418	377	0.8635873360170558
560	361	0.9161115147225298
129	258	0.8391984664596855
789	359	0.7503151967040644
709	461	0.9717428495908361
558	426	0.8018493063356977
167	609	0.8619892909424919
298	803	0.8562877746340686
136	136	1.0
558	428	0.8293768563720632
423	270	0.6970267410315427
716	309	0.8303499288139498
115	81	0.8198875819903955
62	62	1.0
262	359	0.9035525784142049
385	691	0.7603889536457815
5	803	0.8190817519819414
133	133	1.0
614	605	0.8133327542257626
422	256	0.9365738922849135
389	653	0.737577118884899
712	359	0.8741763907332597
426	204	0.8565541116209987
421	262	0.9048200572854547
127	250	0.8730078217080042
790	270	0.8453455778384653
136	101	0.9114283514164673
80	117	0.8405216322340422
556	426	0.8451590415873215
133	141	0.8655605127183367
712	361	0.8277261352114521
689	602	0.8139945213179514
657	147	0.9254647715573994
158	725	0.8486904163296912
548	560	0.9420793268073355
560	333	0.8527638745789647
165	605	0.8597993898653543
682	682	1.0
450	764	0.8347323617248436
154	778	0.875153041374913
578	3	0.7661771616095127
319	605	0.9300515501557086
546	581	1.0
117	77	0.8424213372439219
389	661	0.9844759503039184
614	614	1.0
620	503	0.8860916900588615
160	667	0.9107519113795131
270	238	0.8498827621511506
417	361	0.9141487466711651
422	262	0.8643561211297304
694	509	0.8468275902432753
694	507	0.9129269747086506
554	450	0.7448433650596781
70	267	0.8791423296910549
647	270	0.9482941425696346
359	146	0.9089745721249896
650	199	0.8694415401144069
686	605	0.8519416087766487
422	229	0.7618839587662432
710	357	0.8284890737671952
385	672	0.8428647295351386
785	356	0.8950344413271358
486	51	0.7759850117161687
674	799	0.9382677333449785
422	237	0.7679213755599993
262	344	0.9065505591566788
389	635	0.8472670799726653
421	241	0.8982323948790516
396	509	0.8651821703372017
710	13	0.8424254886671793
67	372	0.8073179538206273
27	802	0.8093248520530093
790	251	0.8456531383179299
502	2	0.8484181451804425
309	747	0.8877507673758525
551	462	0.8424669950254515
259	426	0.7983476897047291
420	262	0.9121465107823528
409	479	0.9718375374090763
744	801	0.7828236509374845
421	250	0.9003791184494584
715	305	0.9343445669564096
133	127	0.8783669584113476
560	310	0.8436562793523259
155	740	0.8487495248814754
546	560	0.7555985526175346
711	350	0.7907584368850096
359	154	0.8744292645478522
189	81	0.8387669870766852
548	548	1.0
125	262	0.8796249002811524
117	53	0.8083922688171462
686	623	0.7845381250572048
72	262	0.8582239447588436
560	320	0.9416953822704344
396	519	0.8993719719615224
131	154	0.8561543883792151
67	361	0.8768895107872534
657	127	0.8500933406285649
709	421	0.7779738854640706
63	63	1.0
709	420	0.7959829930826265
262	350	0.9000843315506413
682	635	0.747977098421862
385	657	0.8248504926144331
602	740	0.8487219444765969
647	250	0.8444549111025532
507	199	0.8805205679201407
62	369	0.887350294559944
385	650	0.9766229018462679
545	545	1.0
676	745	0.8149356623399269
67	307	0.7668365041369769
63	350	0.7806517579342631
638	52	0.9029435208503306
605	703	0.9339135687934687
248	567	0.8264039617811406
413	18	0.7532167502655338
130	130	1.0
307	741	0.880709279860015
542	589	0.7614721403248483
636	83	0.7104930852824363
382	699	0.9803863600168489
775	492	0.8311190291340432
775	497	0.9616650279264378
62	370	0.861255349821339
702	475	0.9314295012764997
574	5	0.7730544026360641
639	48	0.8071836582086978
492	262	0.8507965176922785
197	262	0.8175608134893346
413	13	0.9320119099414578
420	238	0.8997836317012972
196	275	0.9570253548813973
674	772	0.8218634367839852
122	270	0.8403781473550272
546	546	1.0
131	125	0.8811404276201784
307	748	0.8740481578351805
413	365	0.9687406519162617
650	180	0.8632098905659965
710	344	0.8348783531462459
62	355	0.849032845549534
122	275	0.9729203175796983
704	462	0.868717182276735
57	462	0.7416631487168556
790	241	0.8391387500842986
709	401	0.8875694148249906
70	224	0.87653156178503
152	764	0.8716844532600401
131	131	1.0
310	678	0.738325999277194
646	241	0.8100972089780781
650	154	0.7901230322096672
385	636	0.9539323136101356
650	158	0.7738244638647634
633	96	0.7641009963932199
704	426	0.8129605118449399
534	695	0.9798900904714711
357	127	0.873932635522189
539	635	0.7957110014608578
189	372	0.8504434954063482
479	479	1.0
534	699	0.8374588174539211
122	242	0.8414626838752798
534	698	0.7229562189425532
151	740	0.8951756285310718
196	250	0.8344087745466687
109	483	0.857511087564516
635	78	0.910081606019087
357	133	0.858725935243538
639	372	0.8135820208580604
63	33	0.8926765051307332
486	357	0.7453346013176595
703	441	0.9165562391080538
674	753	0.9689247505088419
382	672	0.7222843827750017
338	96	0.8491310661828416
650	167	0.8125656968029936
309	704	0.8832295930748164
189	39	0.8309363615501552
121	262	0.8370991537383276
450	709	0.9517870288160931
544	544	1.0
539	647	0.8947652108796815
382	686	0.8854313001177258
421	218	0.9489379062399277
676	740	0.8195004686108582
479	493	0.9420926121971446
357	146	0.8982191459296825
712	309	0.8611877634131873
674	764	0.8083313063879048
409	642	0.9417048990841889
595	157	0.8640088476065279
546	733	0.752157336982208
125	427	0.9851743426043905
67	507	0.812667196406915
417	507	0.8591752536377918
509	29	0.905229764609804
595	151	0.8597201957760703
122	464	0.8408964152537145
258	605	0.8008183209213408
653	344	0.8293305403223867
703	663	0.7686176762297954
189	597	0.9219663116837716
197	462	0.8198323583645671
551	635	0.8179799004207973
29	165	0.8410644769288574
792	409	0.7179453047419689
702	677	0.9307412778018992
421	421	1.0
161	804	0.8527867420924141
418	509	0.7522215639443303
409	653	0.8313560776315578
650	385	0.9766229018462679
409	655	0.8541208492669736
357	14	0.8850087154043264
704	657	0.8140103575305212
357	357	1.0
262	525	0.9251095837592099
357	12	0.8755403071277296
262	526	0.9554059071291255
802	65	1.0
422	422	1.0
653	357	0.8404372501323536
785	544	0.8982429930537056
704	663	0.8179339764496947
778	667	0.9362987375333554
131	331	0.8495035810364499
130	346	0.9971517676721282
647	462	0.8317334659798687
29	154	0.8718510530919295
542	792	0.805815028474375
703	672	0.7896800278488576
260	555	0.9408360994494879
479	678	0.8175505730502602
745	184	0.8012082411354952
545	725	0.7385056096982523
650	357	0.7698022737130957
745	189	0.8500933406285649
546	712	0.7557140529366451
802	31	0.8621906247579373
639	563	0.9942350086421552
704	623	0.818514351020672
483	589	0.8728848569221529
403	691	0.8375582922540095
117	543	0.9514314831731315
298	151	0.8357374018380826
72	426	0.8272697694843318
509	350	0.8999092267307818
748	154	0.8398067293767882
748	155	0.8273828488579225
803	373	0.9762403266281113
509	14	0.906391480287502
421	406	0.9873364648375452
593	166	0.8699033196494571
544	740	0.9080275894926638
507	385	0.8698237104163927
509	359	0.8836967795395393
520	144	0.9633246628873503
546	716	0.8528324642463944
503	81	0.8287174650571378
703	640	0.8703832104697522
642	493	0.8917795292374964
646	450	0.7557140529366451
479	689	0.8189958055852831
409	636	0.8379553666018293
420	420	1.0
594	152	0.7913838578831089
594	154	0.7148397874996596
72	414	0.8982191459296825
544	745	0.809440211323935
63	560	0.8906514626462232
802	44	0.8338793925691586
540	790	0.8036011866537396
262	509	0.8871539180147134
72	420	0.8620811682475543
748	165	0.8686066552569022
503	96	0.8173814760360565
229	105	0.7882744006647506
712	509	0.8691249448868156
704	642	0.8262661727309755
703	658	0.8684859679387493
703	657	0.8626134128288064
125	426	0.8426660265429984
225	157	0.8617699218590612
56	691	0.782350838063384
197	450	0.9149220214939598
712	501	0.9347100248515778
229	109	0.8011315436694258
196	462	0.8240539025450642
125	420	0.8891098264114713
479	657	0.8350771448096606
585	270	0.7768888086964705
635	591	0.8760021857714404
48	778	0.8849528520863988
196	429	0.8629576169383818
589	229	0.8394072398528063
248	725	0.7846405732734635
52	686	0.7565984111679556
701	642	0.8126137866252529
409	605	0.837055747663983
207	67	0.8969006783955251
357	301	0.8507073890776508
350	48	0.8745666898767492
26	154	0.8001892905684771
479	653	0.8355045280911009
122	421	0.8323944112326578
357	307	0.8732792091794993
766	790	0.8201532951497792
117	520	0.8382695019288198
56	642	0.7942659957357893
748	133	0.8614543361779067
520	127	0.9168136265325195
206	80	0.9983188917500433
703	625	0.8487613431347504
507	361	0.8820344393273414
642	479	0.937374357212656
545	709	0.9528288399410751
636	589	0.8829430703808198
492	421	0.8769428016106767
492	420	0.8467915612440973
586	270	0.8223215238139212
586	272	0.8854957375133817
502	81	0.7764341567348406
803	358	0.9313472667345499
589	237	0.8581546689002555
647	429	0.8513299214205547
543	740	0.860710043949621
803	368	0.9384667549733331
251	663	0.8415170728768251
5	165	0.8707592076776766
647	420	0.8392581531044518
701	657	0.8009011423732421
546	703	0.8879203706441081
109	678	0.8562136891175661
578	69	0.8138677539145762
702	642	0.8162530363581221
701	658	0.8421262195115907
99	165	0.7479933205512853
287	287	1.0
338	593	0.8437055789789887
479	636	0.8526380264663638
728	81	0.8599755934098697
801	350	0.8574083872254938
117	503	0.8443732431348768
483	544	0.8137672982726186
507	333	0.8860596268448202
117	500	0.9637316051524036
56	658	0.8012082411354952
474	692	0.8223411864641438
5	197	0.9247923376505958
738	270	0.9650110429064458
481	578	0.7667803735139086
55	676	0.784558622193176
241	790	0.8391387500842986
217	238	0.8436357318880251
447	180	0.9721075010751993
593	122	0.841659204811086
251	633	0.7550102519032773
745	149	0.8839104537186228
502	52	0.7952707287670506
801	359	0.8479986783090332
574	81	0.8284750763002039
278	90	0.9341755560275805
121	421	0.8435493942620491
225	109	0.8532925398421942
772	672	0.7754302782254139
635	585	0.984792186650016
577	58	0.939403254542829
288	288	1.0
57	635	0.746947214245308
401	686	0.9957717016066671
703	605	0.9339135687934687
47	790	0.8420721053773885
483	556	0.985202095323442
520	117	0.8382695019288198
783	509	0.8412616494874342
108	663	0.8644323903985246
638	553	0.9944587122938808
802	359	0.8676952495491115
541	740	0.849032845549534
772	674	0.8218634367839852
481	581	0.9782055300679833
595	109	0.8363852962678435
196	420	0.8318695769954496
586	258	0.8299220230748064
639	507	0.8394072398528063
105	663	0.8355836682430444
507	319	0.8941429993405577
52	642	0.750873953596533
3	151	0.766225541052645
403	635	0.7852397244807943
51	657	0.8547187205461343
770	663	0.6640610581359621
401	658	0.7868175328628878
629	663	0.8040910987150744
20	180	0.7719733349798876
55	614	0.7352549459570626
5	130	0.971799364607216
643	420	0.8603559060059931
217	217	1.0
401	663	0.7407018364666111
593	100	0.85169960981777
350	350	1.0
629	678	0.8044815294476532
17	250	0.8387156187940142
203	81	0.7823090231078011
52	638	0.9029435208503306
585	241	0.794372506451543
766	766	1.0
350	14	0.9312464601031811
241	775	0.8472032533046011
633	589	0.7636149548467258
643	426	0.8578954489098991
770	672	0.7049281707254744
51	642	0.8420471214105808
213	273	0.9502038257959674
738	262	0.8579685241048826
578	21	0.9659079218988614
801	344	0.837778572266153
741	183	0.8143897811818797
772	658	0.8339373387806389
278	81	0.915089622060695
48	725	0.8743716927478424
772	657	0.7616151927527982
737	270	0.8202984306898582
27	121	0.7777344786297734
26	133	0.8194299466453254
635	530	0.8364507655474527
350	328	0.9369254244788174
633	556	0.7781621464698119
699	699	1.0
642	409	0.9417048990841889
627	672	0.7531622082046109
741	155	0.833307334803965
204	48	0.8586387800108618
18	277	0.7168961632159194
55	635	0.7958223494212923
540	704	0.8054688937564338
99	157	0.7741699987045547
631	582	0.9187868994132571
53	657	0.8449844097446506
18	270	0.7746937500705032
184	555	0.9277875078430388
625	698	0.8009898131651677
741	152	0.7116152157085678
52	657	0.7617412594764915
52	658	0.8023642586935688
770	657	0.6880865813590915
105	653	0.820333436490963
20	197	0.7797852847699942
479	605	0.8593451307991389
287	258	0.7195448674943179
48	741	0.8674418273524281
96	176	0.818427986528018
574	48	0.8516149887354851
217	200	0.9553233095718834
764	764	1.0
744	122	0.7492030183422587
5	142	0.8003439016103842
481	546	0.9782055300679833
642	420	0.8480700109699295
467	790	0.7713211109239541
285	285	1.0
217	204	0.8474782657448204
635	544	0.827448761899968
502	20	0.8538529263461484
48	747	0.8703204335922552
44	790	0.8126084442953581
189	507	0.8378087751571774
502	333	0.7749770375322798
91	188	0.9396508569669516
734	250	0.8201933504991196
574	361	0.8456895081498345
78	78	1.0
328	691	0.8524012323367696
51	617	0.92563019984579
725	51	0.8563322044162354
698	686	0.7787682049227428
205	357	0.8084919561574376
733	262	0.8168727105529371
631	565	0.9157277930578304
169	790	0.7650421913494496
17	227	0.8810069904028887
344	429	0.8713112456536153
762	769	0.942303105442081
290	152	0.7065281273883963
278	372	0.9217608521426629
474	635	0.7584842937060821
243	702	0.8281292802917286
740	141	0.8824790773297823
722	96	0.8375453219693545
635	512	0.9902271761930305
629	629	1.0
344	420	0.9020463733467983
344	421	0.8769804050186485
762	762	1.0
740	150	0.8907582591024146
740	151	0.8951756285310718
534	803	0.8177654339579425
51	605	0.8543580920789716
727	44	0.8157237117713233
214	214	1.0
474	644	0.8295989217480687
698	698	1.0
77	77	1.0
200	81	0.779292230400814
640	429	0.8523935861454384
631	574	0.9157277930578304
206	359	0.8659342771885836
627	663	0.8232323745495813
801	309	0.8416174187403336
590	100	0.8543242284724099
283	283	1.0
727	48	0.8140895062612665
92	165	0.7967214992727658
278	388	0.9334629581964067
640	426	0.9026878293356725
205	330	0.7659430256792107
668	184	0.8271188284791622
725	39	0.8634511694693154
623	674	0.9165240300786563
277	18	0.7168961632159194
204	344	0.8596013088107104
20	165	0.7739297409994678
429	48	0.8733792151172362
327	686	0.7506880246141554
100	667	0.9306668849547877
727	359	0.816749038759312
281	270	0.7560863656445143
627	627	1.0
331	593	0.8489384788525423
183	525	0.8033178139158226
183	524	0.8208572728311274
730	281	0.7009125805183835
740	125	0.9047696968965171
203	361	0.7629025855722444
625	653	0.8566427619402632
725	48	0.8743716927478424
463	795	0.9181612220059397
633	525	0.7643637096373401
237	803	0.8577528268312534
761	761	1.0
148	148	1.0
185	502	0.7636562288772731
724	58	0.9269292234275526
182	542	0.9104750456109185
578	301	0.8481927632991573
281	281	1.0
401	605	0.8550483635616358
95	146	0.8981343202437831
578	302	0.962820398233015
204	359	0.8592114174090691
697	697	1.0
95	152	0.7032876957305862
730	298	0.7406476621920715
147	162	0.9562958164585312
290	141	0.9004338274833649
53	605	0.8516649992157548
278	361	0.8379553666018293
283	262	0.8122767387008795
761	763	0.900746004990477
426	91	0.8697938438001794
213	213	1.0
148	152	0.7472579925229215
574	359	0.8564986725399115
184	522	0.7422861245831992
462	776	0.9024495803766196
694	694	1.0
623	657	0.8345462955839212
623	658	0.8897740315888087
694	691	0.8360792977004986
623	650	0.8602806544914777
13	225	0.8502763251543457
181	521	0.9975274583666979
627	605	0.7909586902888357
129	83	0.6834748429486355
625	635	0.8146892830931609
146	146	1.0
444	117	0.7937948981060319
83	287	0.7475831952268926
142	199	0.8582239447588436
278	330	0.8169962514208274
278	333	0.8162892745817414
730	262	0.7152465531916107
166	790	0.834266650734431
633	502	0.7812163037113414
327	672	0.7578157742736645
559	591	0.9103231210958237
733	238	0.8202333921600058
425	81	0.7477172088162479
200	36	0.9665454522355975
290	112	0.9040575181084426
205	324	0.9709522863603706
698	658	0.8474025999950017
13	222	0.9740548421775536
426	77	0.8513954689933747
333	560	0.8527638745789647
147	147	1.0
464	766	0.8995032169557735
732	219	0.9463626697501026
91	169	0.9447050838926695
792	83	0.7625196310946536
78	55	0.7988485191810537
557	589	0.7582243220076607
422	82	0.9619720005271951
698	620	0.803728188043233
204	307	0.8637024365933836
330	563	0.8752642649434497
166	761	0.8130989125869622
698	625	0.8009898131651677
574	309	0.863981023474741
725	344	0.8556938300282154
44	727	0.8157237117713233
200	359	0.8574817533956002
620	678	0.8682879206109457
269	462	0.8044413992466611
146	121	0.8245614464552464
625	617	0.9193758413313787
429	357	0.8679447860174191
574	301	0.8365249207273616
12	262	0.8676074551891757
728	309	0.8108915592870326
623	642	0.8559131830105589
15	216	0.9222705977179558
170	681	0.8966246176919045
668	157	0.8624550372759265
429	359	0.8683349435114409
727	321	0.9515501017403585
165	789	0.8441811054754197
200	361	0.7481896991241428
205	301	0.796272812748878
631	509	0.8533873806903765
725	357	0.8681938212972733
168	753	0.8507655238479543
44	714	0.8284097328894051
697	653	0.7128347517618364
625	625	1.0
758	802	0.8225180023866031
725	359	0.8657869636951239
464	740	0.8328315097866823
463	756	0.8273781393767276
614	792	0.7894971074910664
141	199	0.8514840948152177
625	621	0.8161183385536471
430	278	0.7707965378542283
709	590	0.7776182166416008
125	81	0.801243622638973
429	328	0.8792654537082829
429	327	0.8973176604622609
83	237	0.7003076311369859
269	439	0.9253185067285777
620	653	0.8309363615501552
71	81	0.816511634112063
725	328	0.8875175521351159
620	657	0.8390234987127771
560	493	0.9456418259780534
666	152	0.7983053503577981
78	344	0.8091818666311911
714	492	0.851960794447012
142	155	0.8502918855837956
559	540	0.7604739674538541
142	154	0.9082729507239502
659	270	0.8387113371095578
558	558	1.0
694	657	0.8217004592491626
663	185	0.875044900792066
694	658	0.9126475885491556
659	276	1.0
691	691	1.0
614	764	0.9069102510438317
727	309	0.8193997099355783
165	761	0.8889304070058734
317	790	0.8144528983117242
623	623	1.0
170	663	0.9456917267029934
83	229	0.7026333976191463
559	559	1.0
426	33	0.8673910806674411
71	71	1.0
429	344	0.8713112456536153
433	258	0.7908166115451383
136	270	0.8101845274645656
697	635	0.8505755138815846
730	237	0.7262831101339221
663	196	0.8534632002822252
756	803	0.8239569789659016
146	117	0.8584861091809473
756	802	0.9078014465349437
270	366	0.9884919968280056
78	12	0.8339105978776664
668	103	0.9235047680435566
666	122	0.7681434053399613
716	441	0.9023367068304757
666	121	0.7512448476025466
621	613	0.9588138996728659
556	556	1.0
72	81	0.8152180941877905
141	141	1.0
127	48	0.8775961198756267
433	225	0.8204733552281226
78	360	0.9411154912368994
718	429	0.7482801406327932
663	167	0.8408964152537145
389	792	0.6802890169179467
41	703	0.8060810143369884
557	557	1.0
694	642	0.8533342789059827
663	170	0.9456917267029934
790	71	0.8382007208390508
165	748	0.8686066552569022
72	72	1.0
621	621	1.0
396	672	0.7835911798196957
269	426	0.8502062785431881
425	361	0.7554295218314255
621	625	0.8161183385536471
78	359	0.8183415581929985
333	507	0.8860596268448202
423	48	0.7356426941789425
463	712	0.9153034661242055
142	142	1.0
141	155	0.8467915612440973
658	279	0.91920462110656
792	57	0.7888808384594459
81	278	0.915089622060695
546	698	0.7603889536457815
790	47	0.8420721053773885
131	278	0.8234029851196855
620	605	0.8345462955839212
716	421	0.8406312403893094
165	716	0.8720206904547778
691	647	0.9370555335834666
687	733	0.7760661396559363
716	426	0.8518648358359987
396	642	0.8309363615501552
199	53	0.8519070669465669
78	301	0.8037051073284215
655	280	0.9259047403970273
199	51	0.8631993894633297
647	71	0.9871928947068519
790	396	0.8449518922092437
418	462	0.7864889668996123
797	310	0.7325495304372247
663	141	0.8458832958998929
792	25	0.8408964152537145
548	676	0.7638458885624122
396	657	0.8194501001137461
396	658	0.7995747291605589
663	150	0.8300141762273833
557	534	0.993608849045455
462	704	0.868717182276735
70	39	0.7813288709143473
621	602	0.8175198463445815
620	620	1.0
317	757	0.927506264179314
423	372	0.7244410243926512
70	43	0.9394400369098332
389	787	0.9906816901968402
140	140	1.0
686	764	0.8261377416249157
258	586	0.8299220230748064
141	133	0.8655605127183367
331	509	0.8471074501447017
31	802	0.8621906247579373
687	716	0.8134282812274022
72	48	0.8560616733764869
546	675	0.9832615333774011
133	238	0.8770931475723743
359	262	0.9035525784142049
197	51	0.7979417953430988
420	29	0.9605777344459271
647	48	0.8410602782508801
287	2	0.9244310020317599
359	264	0.9874143417516956
409	586	0.8228708380755292
687	712	0.8049220394354567
69	463	0.8607493297152462
161	740	0.7253608365587416
70	70	1.0
545	691	0.742666988478232
262	468	0.8987137280148836
659	217	0.8278856824337374
199	39	0.9063815313664184
789	426	0.7529619837501461
131	262	0.8542489423559894
658	225	0.9234327454923742
712	462	0.830087847217536
127	357	0.873932635522189
270	330	0.8506453479886169
260	490	0.9498494822171479
712	463	0.9153034661242055
165	704	0.8431291578221961
518	177	0.8519914852303564
418	448	0.862257662958931
721	311	0.8978768491832647
418	450	0.8002666222263464
558	509	0.839551889709139
554	554	1.0
709	545	0.9528288399410751
127	12	0.9900060758345722
792	13	0.6992305256576715
551	551	1.0
420	350	0.9136440045409618
691	609	0.8712882928965925
270	301	0.8531596385652651
396	605	0.8354605386558657
642	81	0.8631923882313832
492	31	0.8430135418823864
409	560	0.9320855547552139
418	418	1.0
682	751	0.9672479291640635
359	241	0.8734952505410816
361	187	0.9713925546113632
663	108	0.8644323903985246
663	105	0.8355836682430444
361	189	0.8599288701573392
57	596	0.8454954090582444
518	152	0.7024158288959562
421	344	0.8769804050186485
420	359	0.9021312286338844
270	309	0.857320289775224
492	48	0.8499880970380023
199	361	0.8911453468979065
310	790	0.7164249730658552
792	339	0.9505804190652317
430	205	0.911083374491009
556	509	0.8225915972289888
687	709	0.7707656026689346
420	14	0.9698632713334056
67	419	0.8995032169557735
492	41	0.8511639667502572
160	740	0.8814461927677572
359	250	0.8798455881818658
643	81	0.8280590631461963
133	221	0.9109345607213434
125	12	0.9778842964263469
258	539	0.8532166140001946
130	262	0.7838733555621139
361	199	0.8911453468979065
125	361	0.7946789498182806
357	285	0.8592475705286815
422	347	0.9243724895558799
67	420	0.7558028153261103
714	426	0.8362804707463287
653	270	0.8382265183776381
421	350	0.9223652680479145
310	797	0.7325495304372247
714	420	0.8271565818094918
663	115	0.8666307798827213
197	391	0.9800427547720146
131	218	0.8853932080396547
131	217	0.8267785045221352
117	462	0.8502179557839906
197	357	0.8069258202690772
121	373	0.8979485683017847
544	653	0.8297651981378883
127	309	0.8943043010379004
787	401	0.9724924724660731
199	333	0.9047495472456235
248	663	0.792478049653952
248	664	0.8236122542001916
803	298	0.8562877746340686
357	250	0.8574487440568036
382	798	1.0
262	420	0.9121465107823528
262	421	0.9048200572854547
71	366	0.9473555820229191
361	169	0.870502069285194
417	417	1.0
121	31	0.8478320719007995
778	558	0.8526609176142178
712	421	0.8752388511350317
359	238	0.8925851525605162
486	486	1.0
259	509	0.7796068939548331
133	204	0.8633323374049016
650	281	1.0
544	667	0.9915943198557065
554	508	0.8812192104468418
121	48	0.8349092980621697
357	262	0.8690581902786598
357	264	0.8869051228759567
712	426	0.8298436365387051
420	344	0.9020463733467983
647	366	0.952793773499883
703	573	0.8462417904882664
542	695	0.9724924724660731
417	420	0.8400398578201967
236	109	0.9370259744353902
298	298	1.0
524	236	0.8328719840183886
361	39	0.8627013113730768
709	709	1.0
518	347	0.8477605989409331
554	718	0.8828115296598117
423	514	0.8408964152537145
492	588	0.9302549050225205
229	237	0.8331952832262863
57	792	0.7888808384594459
653	464	0.8281339599532431
586	83	0.6386269192630436
493	578	0.789536329690617
754	183	0.8071668602552086
778	778	1.0
525	225	0.8284237380863608
789	605	0.8555970409205581
421	544	0.9974129458399094
130	450	0.9952221101427376
122	593	0.841659204811086
259	724	0.8623070361925054
237	101	0.9346157441332068
712	642	0.8615820862816426
430	400	0.925829727308245
712	640	0.850536699806483
197	585	0.989631427014906
450	5	0.9750206225367639
785	667	0.8980547451986183
258	740	0.8593884660447129
229	242	0.7922294269608826
653	479	0.8355045280911009
554	733	0.7334478040312982
657	426	0.8499880970380023
425	509	0.7211063593201437
359	420	0.9021312286338844
738	81	0.8419763053118993
214	81	0.8080815789293819
524	214	0.9312526341333291
459	158	0.8913440431243965
130	426	0.7770423823651275
754	155	0.8365772378691049
409	740	0.8188794245816993
117	663	0.8192837301373014
421	524	0.9147308809404509
261	635	0.7431453979204301
261	636	0.9741254436610373
593	284	0.8564727923700249
196	578	0.9604567591509745
39	147	0.9651857599660593
783	652	0.942126768607361
486	676	0.7117922618762235
260	643	0.9431625154794837
39	142	0.8457985520002582
225	262	0.8408964152537145
251	790	0.8456531383179299
361	361	1.0
748	270	0.8225817872460086
423	507	0.7346202972269471
122	578	0.9495265467604685
262	625	0.8983145078472105
214	96	0.8522099333601959
67	637	0.8976028851296288
235	117	0.8081870853038166
525	217	0.8617167899202723
34	197	0.9672715992270828
229	229	1.0
585	81	0.7785232932773548
758	121	0.8426411655933922
589	39	0.9523546789225478
609	183	0.8368732698912406
585	391	0.969881853166111
32	165	0.7985712226791785
650	452	0.7735532899266475
26	276	0.8826139609657232
225	237	0.8654471315287621
217	29	0.873085421256863
801	492	0.8532963348931515
507	475	0.9331407384397196
189	672	0.8348164392171235
122	544	0.8317062250572236
57	740	0.7420724839127838
479	774	0.9445374551615335
26	270	0.8261900822797811
595	230	0.9278360834929414
357	429	0.8679447860174191
653	421	0.8318605077764567
151	3	0.766225541052645
653	420	0.8426080096716765
17	86	0.8756163495991162
287	83	0.7475831952268926
593	262	0.846193516110019
56	761	0.8927760879025227
703	744	0.8398279415991584
217	36	0.9796261360336859
520	243	0.7452269391120854
486	654	0.8988878324501418
748	250	0.8482125504205223
509	462	0.8727747329221994
750	195	0.9280913409103061
32	154	0.8583004672996397
131	402	0.8416341349113546
655	409	0.8541208492669736
27	250	0.8108319004107061
121	560	0.8408964152537145
509	468	0.9202129520414897
213	81	0.7837977196508964
26	262	0.8181481340783687
18	56	0.7561217571475143
775	775	1.0
131	406	0.8823230318461465
420	529	0.9070835386186311
593	270	0.9767939086945678
748	262	0.8598821291274654
758	108	0.8082037353947138
753	168	0.8507655238479543
589	361	0.8843485407333498
589	13	0.8292842061591749
486	668	0.8011315436694258
420	525	0.9135616521897014
284	96	0.8513492037858109
585	372	0.7460774334764108
197	512	0.9679876715152126
72	509	0.852622763310796
635	697	0.8505755138815846
492	519	0.8828773171688937
72	507	0.8486549373616226
214	44	0.9072541241666391
18	89	0.8505755138815846
704	704	1.0
113	676	0.7981115986200965
189	657	0.8286056549951747
481	699	0.9803863600168489
217	357	0.8336249874276204
590	276	0.9807749538732393
609	167	0.8619892909424919
738	48	0.8512257437854066
591	262	0.7944601461577689
486	635	0.7543378099007022
802	462	0.8473109412909646
750	177	0.9282556268857343
225	225	1.0
546	801	0.7960015142935583
413	620	0.798377922475038
653	409	0.8313560776315578
71	509	0.8400229182882377
453	191	0.9678997394377108
753	142	0.9869162813660015
420	509	0.9087525171164523
199	507	0.8805205679201407
158	195	0.9252496201822421
361	333	0.8958252497956661
122	539	0.8226112147384909
261	603	1.0
357	420	0.8793884571558215
115	663	0.8666307798827213
586	372	0.7971928623448064
34	152	0.7118503091289169
420	503	0.898280079773443
158	199	0.8463061263544743
591	277	0.9786263952599655
343	593	0.9630174440897294
738	366	0.9699824614760718
447	270	0.8172224039525121
744	250	0.7514113325974747
577	488	1.0
593	214	0.8603415759360004
52	762	0.9321836845240186
578	474	0.7781042539601155
96	284	0.8513492037858109
638	638	1.0
96	290	0.8731048136026375
703	703	1.0
184	690	0.9238403544304998
642	556	0.8633533160902107
578	481	0.7667803735139086
105	790	0.838655661283109
801	454	0.8739133714070271
486	614	0.8846142040667466
185	681	0.9666580255225218
53	740	0.8653680467421933
402	778	0.8240974921340397
639	639	1.0
18	18	1.0
750	152	0.7066475334033235
509	420	0.9087525171164523
225	205	0.8335758290812872
31	121	0.8478320719007995
772	772	1.0
298	225	0.8265368470626584
629	790	0.8034624792553863
