593	571	0.9658648899119313
753	462	0.5302107260472472
31	492	0.5571537746374666
762	317	0.9882274276000024
166	39	0.5819066668147328
625	229	0.6622885079398575
699	237	0.6036962487173896
589	663	0.6400724532637077
34	452	0.5940068623656403
623	250	0.5959672835753986
686	84	0.7250325910183928
422	801	0.5809719358188965
614	55	0.6176694491154409
165	396	0.5956295713388544
650	764	0.6025031869436651
319	48	0.5644503299617978
327	250	0.5864868090591056
131	706	0.9238816988678306
182	109	0.6008567951874871
625	225	0.6247881399200506
524	507	0.7307991460091253
165	47	0.5946748799782098
591	591	1.0
625	220	0.9661865080535097
169	359	0.8142213012306639
464	13	0.5857133746343168
462	38	0.8563359061697989
525	509	0.7667081632805895
423	802	0.8340754045781498
803	790	0.7965311772538504
463	372	0.5989931633649832
764	307	0.6261665400640604
100	251	0.9296584845806118
764	306	0.8668484853570583
327	270	0.5986717745463823
686	95	0.789653914522941
686	92	0.7828375269760242
130	736	1.0
625	230	0.9522948524527016
328	250	0.7994430340579765
468	309	0.5711308227849455
100	243	0.5739752439527462
650	772	0.6052519533921039
754	459	0.5730134021123643
167	372	0.7192063480232069
592	592	1.0
464	357	0.59061533383001
459	459	1.0
457	457	1.0
330	169	0.9385330299122246
699	212	0.9622471998717989
357	725	0.7894317068320097
694	270	0.6347545427886859
298	540	0.600048390259259
558	165	0.6055539003833871
620	262	0.6785042172262176
165	26	0.5911570962344357
333	122	0.8068696921543924
298	549	0.8716909907872066
225	540	0.6849916026142061
225	541	0.959526833010162
361	643	0.9514775265504721
41	344	0.5727170665459687
623	241	0.5950353299329508
467	304	0.9233191755517887
698	236	0.6218580461320128
457	462	0.5846815823948939
590	590	1.0
585	691	0.5986536321527149
39	402	0.6098617495083783
167	359	0.7506787196985328
586	687	0.9933510612070889
169	330	0.9385330299122246
591	581	1.0
298	559	0.6084925862690717
217	676	0.6329544346362012
745	589	0.6366995501996903
236	420	0.759732108636033
762	358	0.9882274276000024
372	525	0.7988123882651975
372	524	0.8644878293857983
467	359	0.630482402565279
625	262	0.6250266236014913
242	309	0.5833818068035004
333	183	0.7618587901306395
756	463	0.8274252257468977
44	333	0.6203577395645083
105	217	0.62305608488254
595	584	0.9027083033222628
229	544	0.6339744315536089
481	102	1.0
133	723	0.9512914863661137
525	533	0.9767673868826543
689	83	0.7542658345325464
180	180	1.0
636	109	0.7703082960652948
185	122	0.5944750259315632
663	623	0.9194883646056824
463	69	0.6209637189687651
237	422	0.8126137866252529
633	146	0.6017058229258007
180	188	0.9438779600834968
629	229	0.6313493990749981
661	642	0.5568464154463012
761	372	0.6177459467842861
721	802	0.9561778385120138
105	229	0.6347214189017041
595	595	1.0
756	470	0.9437055492453947
165	99	0.6032072400734589
762	368	0.9882274276000024
41	357	0.585512271205235
338	138	0.955643097064561
333	199	0.7971562027760983
243	307	0.6002445283171953
130	740	0.60011976511769
631	138	0.9736711658530507
593	593	1.0
657	709	0.7338924335826917
614	70	0.7054485032275376
361	672	0.9629930322378843
650	790	0.7855381041383148
44	357	0.6318730836904257
462	396	0.594393998736212
41	41	1.0
39	450	0.7089426316804898
524	524	1.0
459	464	1.0
623	269	0.5947936178741893
633	108	0.593261084862618
589	678	0.625170748271716
182	122	0.6135551044158726
758	420	0.7901620374692414
169	361	0.8990617011505028
51	229	0.6201347413013019
168	372	0.7808214218495387
133	702	0.5984174300925367
762	330	0.8035434122719618
52	217	0.6138486654196793
658	701	0.9018610403522542
242	301	0.8851174310815855
655	740	0.7419564135611292
594	594	1.0
319	81	0.8065548685786704
595	578	0.7213550970924143
459	473	1.0
589	689	0.6262128950571761
328	270	0.6037689340154989
633	117	0.6104810066236418
658	700	0.9360627228391744
463	41	0.9385505677960314
525	525	1.0
133	714	0.8223952417893379
47	307	0.6211461099131357
462	55	0.5968891460283714
236	463	0.6049573794286753
105	262	0.6103067892975087
44	32	0.6163439342943321
761	63	0.6173152394119226
168	93	1.0
169	81	0.789418622147835
534	433	0.8595183800812504
402	243	0.591542656898093
775	204	0.9878030827702191
51	250	0.5957047343928176
525	575	0.9843070928217253
133	764	0.6106627715729446
243	331	0.6056166735529211
529	529	1.0
661	672	0.5776730252964156
338	165	0.8788216411583935
184	165	0.5858295823892401
229	589	0.6498098885625034
657	767	0.9799347548053765
140	657	0.6171540967770298
136	743	1.0
301	533	0.9919426519880997
109	229	0.6279341073879694
140	655	0.9947002286116703
109	225	0.959526833010162
242	361	0.7938955632464951
115	115	1.0
635	157	0.771182496270038
657	770	0.6259344040531878
183	183	1.0
242	359	0.7793996019970143
663	663	1.0
113	137	1.0
481	152	0.5981805736023835
183	189	0.9437899081796882
758	492	0.837216271505345
108	233	0.9235418552307484
468	45	0.976712853988759
44	52	0.6232273906844484
468	361	0.832154903728669
401	231	0.9652530230895539
83	732	0.975454163798635
47	361	0.6153505707003859
181	181	1.0
168	72	0.7217062467779021
81	758	0.8068584632510506
55	225	0.726912086046591
528	528	1.0
518	685	1.0
528	526	0.7387182403701171
80	764	0.5805512230106864
529	507	0.7013148576084911
474	243	0.587486375731913
772	217	0.6157462833952715
178	258	0.6106351361109281
661	658	0.5911967220084866
661	657	0.7476339487241047
168	81	0.7852261428955079
518	690	1.0
44	44	1.0
518	691	0.6127571565136857
761	53	0.6474236523440224
168	82	1.0
241	359	0.7088856758309985
182	182	1.0
359	790	0.9705784200787418
241	355	0.9652594273904128
629	250	0.8221148670273649
238	420	0.7136149795043839
661	661	1.0
483	109	0.6007816065353977
113	113	1.0
130	790	0.5962103563929878
183	167	0.6933748203358986
113	111	1.0
84	740	0.7231691264717025
57	225	0.6089567392321638
703	217	0.6219032217532002
401	297	0.9652530230895539
140	686	0.726401480237709
775	241	0.5968659889792614
730	730	1.0
250	257	0.965995538161447
674	525	0.5881051116930276
540	361	0.7650747830890129
666	666	1.0
666	665	0.9225038483775058
48	26	0.6013724916608305
142	663	0.5812846831358648
403	270	0.6209250881712058
117	117	1.0
108	261	0.5909288864667595
540	357	0.6683067309980862
113	169	1.0
250	250	1.0
573	801	0.595695342640921
83	745	0.7371562973238457
301	578	0.8607564712334062
730	744	0.8924161162183158
47	372	0.6209250881712058
142	672	0.5656533195326476
301	574	0.743266160343067
52	278	0.9456011524952871
382	455	0.9652274029112773
310	429	0.9303398898156304
433	760	0.8779230614298942
115	152	0.6177204549289045
602	509	0.6089245303755179
775	250	0.6028235319812586
385	420	0.8692316776651156
403	285	0.9878929544813393
639	158	0.9777029114438313
238	492	0.6930644735956063
307	509	0.6763274113595927
83	740	0.7695288327267251
639	155	0.5734681615250178
281	730	0.5892429691101412
545	307	0.6446775916195706
413	117	0.6255383843779482
91	603	0.9811010561637298
241	63	0.7053319863423726
542	345	0.92415555055197
702	236	0.7329627916901635
251	251	1.0
542	344	0.6051132078684709
659	790	0.7274851263862484
778	217	0.6156493864787185
766	50	0.9590888015924232
109	262	0.7778796352435307
629	281	0.5951299316609414
150	509	0.6217363051465394
402	262	0.7477468605297076
382	426	0.5897281108448353
243	18	0.9652994475334227
141	650	0.7784367249557977
115	120	0.945892990596636
479	237	0.589404993775839
48	48	1.0
48	47	0.584085444796142
629	286	1.0
674	509	0.5915031930953831
241	32	0.9652594273904128
764	46	0.8326919930542728
764	44	0.6498737437870452
479	229	0.8497382657549959
663	676	0.8038262293543658
619	96	0.596102928981291
761	81	0.6211496137594653
81	790	0.8028710952356951
663	672	0.813082951684501
486	104	0.9165700405527152
184	184	1.0
672	525	0.8072452297780204
141	663	0.6295304513927781
13	710	0.842458694898896
433	740	0.5997264658054338
63	121	0.794309865197698
467	81	0.6269743061240591
203	803	0.9618916301392477
666	653	0.576470618296895
142	658	0.5691068627517408
534	463	0.5860667787010765
544	301	0.6050247991789119
483	157	0.6214993016764846
47	47	1.0
772	262	0.6019942498085686
248	307	0.6200177082933337
47	48	0.584085444796142
140	672	0.623446182256807
185	185	1.0
536	435	0.9396508569669516
698	3	0.7643473085663817
278	727	0.9652306056938993
83	678	0.6115698673569336
531	81	0.5992097584018564
682	311	0.9919757188816846
248	248	1.0
544	237	0.6008744770672723
283	629	0.5830550366427424
531	89	0.9514066841233643
479	178	0.5878117805021471
698	5	0.8585588332774107
536	362	0.9309394554872632
56	152	0.5908742230513931
727	727	1.0
727	725	0.5903906521335148
136	690	1.0
734	606	0.9912996223309959
542	258	0.627979556930403
551	109	0.6594920939536061
699	5	0.864408128013244
699	3	0.787131788088093
727	740	0.9374411745394693
290	509	0.5860299256112219
55	157	0.6344831729530899
701	165	0.5580406158786242
706	105	0.6098896311790023
534	59	0.8692650128527198
542	265	0.8889674508192019
200	776	0.9277853954543707
728	728	1.0
84	686	0.7250325910183928
758	81	0.8068584632510506
136	672	0.962720953940819
109	157	0.6082007196187779
433	653	0.5973095094835078
278	702	0.7275152600243864
540	262	0.6988151514954491
425	790	0.7043034008149935
385	307	0.7114094009013637
310	310	1.0
281	620	0.5877137753207451
248	217	0.631518057982996
701	132	0.9237663373059944
281	629	0.5951299316609414
573	703	0.6565103040546787
724	740	0.5819951428277227
200	740	0.6106943442420831
147	511	0.9906883633458639
57	157	0.6314337679473768
83	689	0.7542658345325464
251	154	0.5565144286706785
136	685	1.0
136	686	0.5968798839633885
13	635	0.5900048028637663
544	229	0.6339744315536089
235	81	0.7858424467531134
148	502	0.6034520911305843
430	699	0.9934047510819308
237	53	0.6290121779351827
20	509	0.7250195345005123
409	104	0.9747443002723124
237	58	0.9571205210922792
53	199	0.7093943640964954
251	152	0.5808935645261167
250	168	0.8079815364954874
238	44	0.6451812844273239
659	691	0.607916017304587
627	5	0.6076508125473293
605	422	0.6600388070311536
605	420	0.6692259951079716
96	520	0.568633558941478
258	129	0.6291372208413682
546	250	0.6074994872029029
290	542	0.7064413272550973
447	503	0.9560409248058019
205	740	0.60011976511769
288	601	1.0
679	426	0.5839127916147135
15	634	0.9887087096612405
725	790	0.7515037128077331
679	424	0.9672384600034278
544	289	0.989904119286502
737	620	0.6668982361796741
545	270	0.5946701270089357
12	668	0.5667987642565083
13	653	0.9129387998965736
385	39	0.5946653737737262
350	716	0.651649113639538
350	715	0.8092423820475908
204	775	0.9878030827702191
385	385	1.0
703	181	0.9759990161858421
602	462	0.8743748918773935
283	672	0.5678429153931989
554	121	0.785266882719313
740	543	0.7422015259911163
96	503	0.5639213431867081
702	199	0.7660884103853697
502	737	0.6286456669070862
703	182	0.6053485233217852
539	357	0.5843007601135115
536	48	0.570954060641902
99	509	0.6221426163159559
147	541	0.9850841084526848
95	558	0.6138296328278332
389	301	0.5960281168605233
203	757	0.9618916301392477
18	620	0.5927618498247996
3	524	0.6249830051922765
701	182	0.9132600345346066
539	359	0.5794244719802405
573	743	1.0
150	460	0.9615384278173792
573	740	0.6116479623780302
540	298	0.600048390259259
450	407	1.0
250	199	0.9008213343848482
382	382	1.0
703	152	0.6080788185809766
160	303	0.931277327389053
250	196	0.899749595252298
238	74	1.0
545	250	0.5931837265189195
283	658	0.5789499516266128
248	270	0.6192764639742947
284	640	1.0
429	790	0.6114056402276573
678	430	0.9938139594612742
258	118	0.965995538161447
546	241	0.6461060555720964
706	131	0.9238816988678306
284	645	0.9844089897778648
204	749	0.9644533542403626
733	646	0.6143836912852894
281	676	0.6153730171450464
238	81	0.6920733217544937
382	48	0.539450065721757
200	790	0.6110330308808565
154	426	0.5987216462942887
678	420	0.6165951445946073
385	359	0.8909210916150008
287	602	0.6080340786403422
205	736	1.0
146	561	0.6712748097352363
574	740	0.9118225170723786
502	714	0.6095424664198994
259	152	0.6035464093364811
258	161	1.0
686	344	0.6874512309332065
319	319	1.0
452	450	0.5919755469964669
205	792	0.6045221008636569
802	711	0.6226401551767756
287	653	0.6042547772181814
26	507	0.6276511535310179
160	367	0.8805845181889097
744	524	0.610966185345869
31	404	1.0
574	790	0.7445303818006721
502	764	0.628125488997364
389	12	0.5663184471227903
26	509	0.6338163831649413
740	574	0.9118225170723786
585	621	1.0
503	755	0.9651072448277956
745	514	0.614342068808365
217	602	0.9355196980292481
691	255	0.9976838101549634
801	734	0.5970048370399622
259	168	0.9836927528315831
802	721	0.9561778385120138
259	165	0.560712391921919
350	758	0.7830939236566122
747	507	0.5947128941625506
160	376	0.7172705367906288
170	213	1.0
502	772	0.6094864713352336
578	756	0.6004402187632544
738	647	0.9975465348444124
452	452	1.0
444	593	0.6234564249344781
161	369	1.0
609	425	0.6985413793464476
772	5	0.5979887860221172
679	479	0.9803289115753916
609	420	0.8030917711972865
686	327	0.7015960910605323
676	486	0.8102281620163255
450	450	1.0
317	317	1.0
283	686	0.5783283987793166
676	482	0.9700799044850924
203	790	0.8118688339956907
389	344	0.7056251790828747
740	556	0.7797638929508364
155	450	0.732819712467831
578	730	0.5819287946470831
18	663	0.6205872305198586
95	594	0.6042505273050262
585	601	1.0
709	122	0.6199467038670232
288	621	1.0
389	357	0.5982763062122463
204	790	0.6150732588597322
350	731	1.0
586	602	0.6134404633399659
158	420	0.5709414201056409
802	709	0.7257788194630405
590	516	0.9588726140861882
20	590	0.9206863707069924
704	196	0.6225677705844184
319	309	0.5732349518778314
401	5	0.6875734685323275
728	790	0.5914242101539399
574	780	0.9893703321094032
679	452	0.5797374211345052
154	467	0.9233191755517887
801	711	1.0
629	5	0.5982307326293308
52	5	0.6018938472098835
157	433	0.6924015336365478
385	58	0.9479093194355352
614	301	0.6002712396864656
278	790	0.7753561034695308
557	109	0.6101758974716258
321	237	0.584494070160468
591	559	0.7935869935922346
686	389	0.9538488184370959
33	426	0.6021119643550571
331	131	0.9042751237436016
738	687	0.9975465348444124
593	532	0.9658648899119313
319	359	0.7914738397294839
802	758	0.6021947040530808
321	281	0.5784496229003274
457	426	0.6274228394962835
157	483	0.6214993016764846
217	643	0.6178660235951007
464	301	0.5845155214523037
803	756	0.5965876126578372
96	590	0.6227296926611758
738	691	0.993870084541599
803	757	1.0
697	225	0.6138676938816368
5	559	1.0
319	361	0.77161317051395
96	594	0.6194445003749931
29	509	0.5709414201056409
34	409	0.5495347811106809
593	548	0.9658648899119313
589	633	0.6295176904248005
225	525	0.755660760452412
3	578	0.6371258531177303
33	419	0.9570491526448643
225	523	0.9893568605296098
357	710	0.7593893152773571
623	217	0.6010246261814087
327	221	1.0
750	462	0.5731980685223068
298	534	0.5832675829675885
321	298	0.5892074846073491
558	154	0.6104968273170989
217	658	0.619800966576502
350	790	0.9517181150154055
520	520	1.0
620	250	0.7318482210990316
709	198	1.0
298	538	0.9074540907048195
747	513	1.0
586	635	0.5969955875324473
687	350	0.6123747944318959
389	389	1.0
748	507	0.6084723493902848
502	790	0.6036534640266619
753	404	1.0
738	663	0.6264674191009304
5	585	1.0
385	81	0.7620432251201221
453	453	1.0
121	803	1.0
801	744	0.608666429239629
738	658	0.679057757409892
691	262	0.6229359743543276
41	301	0.5680789540451877
167	307	0.8384670278017089
317	358	1.0
694	229	0.9957073054638539
548	287	1.0
168	307	0.7603464217790767
802	748	0.9818007548500753
34	426	0.5995156662931941
744	560	0.5649826717940138
556	165	0.573944785450136
738	672	0.5995021933750097
589	605	0.6251204986378773
217	631	0.6206154345436389
157	470	0.9393838913522085
558	131	0.652519292105028
389	48	0.5563509446684942
165	338	0.8788216411583935
594	501	0.9934675817215942
317	368	1.0
646	802	0.5985537801308562
590	556	0.9579824911372139
691	270	1.0
614	344	0.6037304611941624
650	714	0.6052477522519966
321	278	0.9652306056938993
3	591	0.7629275141781179
122	803	0.947041276804691
509	712	0.9837670641129052
745	544	0.6169302061464206
269	199	0.7993831224099605
229	625	0.6622885079398575
100	16	0.9422614122072431
269	196	0.810211800987074
633	215	0.9327404268138373
105	301	0.6130034541275752
518	743	1.0
225	676	0.7761840380583186
327	39	0.5848206051907081
457	593	0.9658648899119313
531	509	0.596448082806818
464	464	1.0
182	225	0.7154721257576331
328	361	0.7866298985305378
459	560	0.5396622736931975
33	586	0.9587618744518671
327	372	0.5927375400664341
718	199	0.5820448692398648
29	672	0.5656533195326476
691	98	1.0
166	498	1.0
178	317	0.9871874224775905
761	448	0.9519600428352681
169	462	0.5551947309117846
333	262	0.7762061300592111
559	298	0.6084925862690717
748	691	0.6052057296199176
180	269	0.7332779760834907
242	400	0.9511690925726587
328	39	0.5918577057164504
29	663	0.5812846831358648
620	72	0.9562582113648016
594	691	0.6163809219587452
589	792	0.8437014714468797
698	22	0.9298104414530172
464	473	1.0
328	372	0.784729286050189
621	53	0.6301883730223615
372	609	0.9658170608478805
167	492	0.936880053694512
468	426	0.6197475880681887
629	301	0.986056969035866
333	278	0.7565103003869936
625	357	0.6382568610012063
631	217	0.6206154345436389
697	357	0.6139361621788645
621	372	0.604208016661158
591	697	0.6881054074213124
594	663	0.6437655789704646
627	309	0.579447271849471
623	350	0.5939541518405486
67	5	0.6047125409454942
758	509	0.7132242810170129
761	420	0.6171064300370319
396	70	0.991504117270793
34	593	0.599721986106114
462	467	0.594308120876519
29	691	0.5753343055573095
754	547	0.9545932485723861
34	591	0.7935869935922346
182	209	0.9242445386586301
591	694	0.6112646279322146
51	307	0.6117103881787881
756	524	0.5963642550944669
328	344	0.89995367889572
698	354	0.9345334448472843
525	609	0.804475797419668
34	585	1.0
29	686	0.5605378867774568
754	567	0.9545932485723861
467	426	0.629756657814283
463	470	0.9356671096275537
593	686	0.6136047356861547
298	676	0.6270464848970347
396	81	0.6216387920739759
327	361	0.5744428821027884
514	770	0.6543720085198299
468	403	1.0
589	766	0.9300287051701414
217	792	0.8918213245463685
463	463	1.0
269	180	0.7332779760834907
399	399	1.0
464	459	1.0
595	657	0.9027083033222628
180	293	0.9810067361460626
633	251	0.5905604668728275
41	492	0.5676851738832746
372	643	0.7904217286926541
47	420	0.6274913947827798
185	233	0.9832938856274241
627	361	0.609374373013997
468	468	1.0
183	250	0.7679927912870567
53	307	0.7094095715317454
640	122	0.5696416765138929
766	426	0.5882847211167925
525	650	0.8944408381469355
182	265	0.8717759474237624
108	301	0.5942460439109927
635	229	0.6174285951703117
344	131	0.8448908982092299
178	358	0.9871874224775905
372	653	0.9811381951134638
474	18	0.5899445111323303
109	301	0.767196658840007
627	372	0.6148665802634878
141	725	0.7502965212296168
698	69	0.6406640789703976
39	545	0.7129923436679364
44	442	0.8840971224802288
770	346	0.6764412807950674
327	81	0.5984401702051938
636	225	0.7580854148984509
178	368	0.9871874224775905
631	280	0.9736711658530507
238	529	1.0
758	546	0.6189537985819539
51	359	0.6163698272907404
417	5	0.5928444508426589
182	250	0.6027716650373643
185	217	0.5851458689397457
241	420	0.7133812719542058
236	524	0.782517941625114
522	676	0.6335513375577126
236	523	1.0
464	483	0.590145316084816
697	48	0.5782937306227577
401	309	0.5706374579388708
620	79	0.9317189734119055
623	44	0.6224331855532502
635	205	0.8987084484356915
694	81	0.6309232256164033
481	217	0.595610770197002
467	462	0.594308120876519
418	5	0.568203253751405
632	250	0.6109504495420373
633	243	0.6054785124033485
627	359	0.6115815860610014
467	467	1.0
761	474	0.6113704084930232
524	653	0.8958954278277462
474	333	0.5791846933777067
631	262	0.7380727725555751
531	531	1.0
229	655	0.9928643074147661
772	301	0.6129727047878433
756	578	0.6004402187632544
47	429	0.6149305146726637
761	476	0.8659205810062757
57	301	0.611897398477867
663	778	0.6945617045139032
241	481	0.7007500109255281
474	46	0.7483971250303015
237	573	0.8102935830169914
237	568	0.9591323329917111
250	330	0.9417905201268095
52	359	0.75264267468997
636	258	0.6134519341981255
702	301	0.9487646079570606
235	593	0.6824522360131711
629	34	0.5982307326293308
772	359	0.6082372566031371
105	39	0.6093262866543255
39	591	0.9089867619505989
235	590	0.6863825106364527
53	344	0.6637752652717731
474	56	0.5658958176766852
544	406	1.0
403	361	0.832154903728669
142	753	1.0
51	361	0.601425208953482
39	584	0.9665771723066714
772	361	0.599182713978558
39	589	0.619540887812851
666	745	0.5838641684559027
250	344	0.8447606745650263
629	44	0.6200319023505433
108	359	0.5966108454389908
310	504	0.9306586165128466
642	150	0.6002756907725209
536	536	1.0
51	11	0.9544443409064137
328	81	0.7746116102981395
251	309	0.9707893245788021
534	534	1.0
301	629	0.986056969035866
483	225	0.6011877259519557
382	509	0.5999635553531734
525	672	0.8072452297780204
105	359	0.6173408486115618
524	686	0.5992728288490106
770	359	0.6458023851339801
534	524	0.5763405308324777
534	525	0.5748054370118286
52	35	0.9862526653400495
185	250	0.5972449728549506
481	241	0.7007500109255281
183	278	0.9789357740706341
51	44	0.6085937000586782
185	267	0.9514527359007947
141	740	0.7767643313233382
542	409	0.5524716052867786
401	361	0.5816961580846487
301	631	0.8700226379606806
48	460	0.9205123864925234
338	280	0.955643097064561
766	462	0.5672696364667723
301	636	0.9858098934435544
242	462	0.5592062268757285
701	301	0.5978927305340273
627	48	0.57554968365597
661	787	1.0
627	49	0.9816229548515405
345	152	0.5911471868851258
189	217	0.6029487482847463
100	81	0.5823866234015048
229	694	0.9957073054638539
640	158	1.0
635	258	0.616406804082465
534	591	0.5716964075319624
638	278	0.9384823520242698
146	733	0.6077161689172622
403	48	0.565193272177585
152	628	0.8077867609614021
53	43	0.945036004452187
108	44	0.6121073079512191
539	539	1.0
147	725	0.9906883633458639
545	420	0.6089849122027134
56	359	0.592489181018539
152	625	0.6319538592640137
544	433	0.6029444335102289
52	52	1.0
546	400	0.9439846693418019
672	663	0.813082951684501
117	235	0.6006709151883757
403	45	0.976712853988759
734	801	0.5970048370399622
141	790	0.8237483226111252
142	790	0.5591704007799455
57	335	0.8939924496872265
152	632	0.7668605513167555
150	658	0.7350578385779224
674	658	0.5902255043276701
674	657	0.5857662163473398
643	183	0.771835538623701
55	357	0.7044806436937525
57	330	0.6183374708642813
105	81	0.6043609571057844
545	429	0.6417830383066303
778	331	0.6020727440711291
189	270	0.6070686077159869
52	44	0.6232273906844484
672	672	1.0
250	385	0.9652898437582899
479	39	0.5888619971425263
542	464	0.5912412787926289
51	51	1.0
642	196	0.5794985486065249
115	270	0.911157717617305
775	344	0.6077406648766625
72	105	0.9473501062059317
63	250	0.8254121016694727
643	152	0.6134557574838805
196	122	0.9022930701135166
250	359	0.9262385680997238
676	605	0.6325234460628104
53	66	0.9340204410885656
534	578	0.5771765926870377
545	400	0.965059152258273
109	13	0.7312417345710909
627	81	0.609901577735566
248	420	0.6249225752706191
672	643	0.9281587649107874
385	507	0.6715207535854059
56	372	0.590515549170302
105	50	0.975825547788976
106	41	0.9652978469506802
150	623	0.9300868483181676
402	39	0.6098617495083783
176	96	0.5725622990047854
541	445	1.0
385	509	0.7243753510315107
95	706	0.9148124995214912
150	620	0.7584496668347996
57	357	0.6133601252625032
544	421	0.9871025757593911
63	241	0.7053319863423726
382	558	0.9515465623860313
301	676	0.6301788721938187
772	44	0.6356950150263705
197	122	0.5917200163192411
178	83	0.610966185345869
539	520	0.977656064154745
701	345	0.9138907503088247
248	429	0.6137839377459572
668	740	0.6013593072816981
540	466	0.9482669504299693
248	426	0.6155486496376783
646	121	0.6045517524692239
122	122	1.0
53	50	0.9425208374374495
409	301	0.5621146633039331
53	53	1.0
105	67	0.975513651780513
602	605	0.6195908251878444
91	740	0.6188423851182042
602	602	1.0
479	13	0.7675635978033779
152	542	0.7877045446210788
433	797	0.871258775988299
248	361	0.6146141493295669
639	183	0.5913500965287055
704	242	0.898980064863991
146	657	0.5895768040513624
711	121	0.5790759934274974
48	67	0.5801453209387495
450	512	1.0
152	546	0.6291372208413682
67	105	0.975513651780513
258	205	0.6225160312122187
242	81	0.7474480542116514
702	262	0.7351623623325511
668	674	0.9182747908930057
56	270	0.5979201859830359
310	450	0.5490933206874425
733	733	1.0
189	189	1.0
668	672	0.590019869060133
409	237	0.5616849280049223
189	183	0.9437899081796882
91	658	0.7957914303705276
309	507	0.5808711591274296
433	792	0.594632093678388
283	740	0.579012996534664
702	265	0.9602095054263345
539	464	0.5668785407687232
631	5	0.6107298498425257
541	53	0.6230011973249249
243	89	0.9777702269055056
307	545	0.6446775916195706
148	647	0.712359164429079
12	740	0.562664022582679
248	375	0.9679656937374455
154	526	1.0
544	13	0.6133716066412016
602	542	0.6131493662337163
91	643	0.9887046493531312
702	270	0.6202162184263585
56	262	0.5942030409436637
740	620	0.7729103648583338
702	278	0.7275152600243864
734	734	1.0
243	81	0.601924416934334
91	642	0.5656263303241502
261	108	0.5909288864667595
730	756	0.5733577765634024
146	633	0.6017058229258007
18	709	0.5884537162829192
734	709	0.6163143329715763
732	732	1.0
148	616	0.9905855619452835
676	525	0.6319880118000123
152	524	0.6150544899744752
676	522	0.6335513375577126
96	619	0.596102928981291
48	83	0.5794016658291888
385	429	0.5971988453580547
536	462	0.5906900949555128
148	609	0.9346016966264208
766	67	0.9591256367534917
382	462	0.5637695640571729
674	540	0.5870973367750811
91	672	0.9215262808516701
142	691	0.5753343055573095
147	630	1.0
307	523	0.989359554948294
117	152	0.6061463361251341
666	698	0.5878993724977764
92	657	0.5882180538524957
676	535	0.9807248270505775
307	529	0.7314148975089036
704	238	0.6262228251456743
180	5	0.5965085737941694
262	109	0.7778796352435307
702	250	0.8803773232053347
409	229	0.8866964528955391
764	99	0.6369585101425076
88	740	0.5992818351209177
701	262	0.5855758297934164
47	81	0.6202020538728974
678	509	0.6098059593838464
668	668	1.0
678	507	0.6157388335748321
184	5	0.606598358958595
5	601	1.0
740	655	0.7419564135611292
801	801	1.0
801	802	0.6226401551767756
67	143	0.975513651780513
309	558	0.5948078552773672
737	737	1.0
506	803	0.9620375741786353
99	605	0.638152510972501
20	659	0.9456640063536216
155	545	0.7343145579688468
321	321	1.0
310	497	0.9310549229013428
20	657	0.5936756807465189
290	658	0.5948837478331709
92	686	0.7828375269760242
154	558	0.6104968273170989
96	633	0.6186335562475674
151	595	0.6202232998540116
545	39	0.7129923436679364
283	781	0.6211040529617259
261	165	0.5673093033615474
785	163	0.9940344164458202
146	692	0.6355966325956262
96	635	0.6003424293548727
744	605	0.6055120262838535
542	83	0.725706914244777
152	593	0.6292524908552193
185	5	0.565821798180819
152	594	0.6251003908648413
609	507	0.6897128015736672
317	426	0.6064244642349267
691	330	0.687308140295044
152	596	0.802323381180278
733	790	0.6049405162701116
258	258	1.0
802	801	0.6226401551767756
802	802	1.0
602	586	0.6134404633399659
712	152	0.5990021991111056
738	725	0.6048899070419991
554	241	0.7046691661614545
714	133	0.8223952417893379
288	736	1.0
417	152	0.5980801671341955
283	790	0.5879405606707996
605	522	0.9673362767197731
5	621	1.0
545	361	0.5862665557956717
686	401	0.9439622112510367
262	131	0.8593920766247961
258	229	0.6564555931757429
546	350	0.6214294742125368
285	740	0.6127301756258177
560	104	0.9806890111937643
539	479	0.5674479848092749
578	803	0.9674403281653663
712	122	0.6103622598487588
450	528	0.6218476177254963
385	469	0.9359475393079888
452	509	0.605050068032869
151	574	0.9893703321094032
602	557	0.6071097361904992
733	758	0.6019156838362687
545	372	0.5872894881218357
117	191	0.9689091584263112
18	737	0.6233197589439408
418	122	0.5787605280252737
290	654	0.8104733003665305
633	3	0.9159151713235205
711	152	0.5972172993496296
67	155	0.6020553070916275
158	507	0.7267055756836261
258	237	0.6368585447982491
18	733	1.0
13	792	0.5953801183824737
789	102	0.9778740632217849
67	152	0.6190076579648179
737	719	0.887681711267916
310	481	0.5562637672073972
283	770	0.6426624013141328
321	318	0.9839127683779304
20	663	0.6230732303052167
151	582	0.9893703321094032
586	738	0.9964371361880757
591	635	0.7797424970228902
586	735	0.9933510612070889
399	325	0.6420279981019023
18	761	0.6060756240043144
396	361	0.6246332885269608
155	584	1.0
99	642	0.6006044317791711
155	585	0.7436067480667633
165	426	0.9388833525154071
396	359	0.6298107356163771
417	189	0.9778228859515685
590	646	0.9562975255350423
298	606	0.8596481568097915
268	121	0.5840962237663074
745	635	0.6985352185274676
453	556	0.9952789739229543
95	686	0.789653914522941
5	631	0.6107298498425257
687	463	0.6025118606095126
158	563	1.0
586	746	0.9964371361880757
5	635	0.8987084484356915
591	643	0.6012053398197512
32	509	0.6922506914502251
748	612	0.966350213414018
592	635	0.5765001549917033
750	540	0.949377378264446
593	619	0.6099612859608121
545	81	0.5998294342987439
789	165	0.5703960148663477
679	593	0.5905804226222459
753	509	0.5709414201056409
679	591	0.5695517131252215
554	286	0.9909616919225024
741	691	0.5878117805021471
586	740	0.7137422308779404
559	225	0.5985628624069244
453	564	0.9940318094877479
20	686	0.5991556610079103
716	121	0.6297057313482118
803	803	1.0
741	662	0.9649966068264717
259	259	1.0
787	165	0.5634582128956757
737	755	0.8991880034395633
716	122	0.6465544034004557
99	663	0.9898370024999054
738	738	1.0
452	542	0.8560245676856894
738	735	0.9975465348444124
217	703	0.6219032217532002
585	725	0.6030306879625823
554	250	0.8151292543198106
389	462	0.5683926081519216
709	241	0.6546077093958172
288	740	0.60011976511769
694	307	0.6322731465097766
635	5	0.8987084484356915
319	420	0.7903309046956679
605	573	0.6842646436989702
5	657	0.7436067480667633
740	689	0.9772293237903198
450	589	0.8183059514751488
678	591	0.886493249210436
99	658	0.6266553678236895
154	594	0.6130457168479281
591	629	0.6025855515019135
319	426	0.6029918841466774
744	635	0.6070603796800114
678	589	0.625170748271716
744	633	0.9066449198619747
694	311	0.9918566419353283
557	225	0.6156866671573183
17	784	1.0
3	676	0.6475598825980091
738	746	1.0
585	736	1.0
609	525	0.804475797419668
585	733	0.5866280952885666
217	716	0.6219032217532002
714	150	0.6256517120030654
361	732	0.9218227446622932
169	426	0.5887295231564382
328	328	1.0
591	678	0.886493249210436
687	493	1.0
716	181	0.9759990161858421
591	676	0.6095544606832758
225	636	0.7580854148984509
170	375	0.9915478992286054
589	740	0.6224677139580946
687	499	1.0
514	740	0.6098816658978263
457	548	0.6441303825302165
331	243	0.6056166735529211
594	632	0.9398362595219194
689	464	0.588074282918348
26	663	0.6340867213504258
620	361	0.729632741427541
625	301	0.6248352153266217
514	745	0.614342068808365
750	577	0.9440931640888183
745	676	0.6428196303384396
694	39	0.6323968378988518
361	743	0.972436238865504
269	167	0.7557495666499231
591	686	0.697204847772458
747	663	0.5969863370216777
3	699	0.787131788088093
331	262	0.5944845534620219
330	278	0.7704712840704645
748	658	0.6045983272909589
462	462	1.0
748	657	0.59997695592177
26	658	0.6210479459988015
689	479	0.7016125217949309
180	217	0.6025205334013951
744	698	0.6256783564558456
99	672	0.624397128270429
3	698	0.7643473085663817
589	745	0.6366995501996903
747	660	1.0
217	776	0.925294831027282
614	486	0.6348418114471372
169	402	1.0
556	270	0.6156941213971695
34	559	1.0
26	691	0.6184495222641659
639	5	0.5815351471572338
457	532	1.0
361	717	1.0
330	245	0.9782419872061999
29	657	0.5588362258159756
29	658	0.5691068627517408
462	425	0.600142057579864
718	133	0.5828638270648381
557	258	0.5989389288419946
287	792	0.5872220256305105
213	790	0.6137991720859151
167	426	0.8166355576796415
590	665	0.9588726140861882
590	663	0.6397965652125129
26	688	0.9121227151386029
5	698	0.8585588332774107
168	429	0.5970187094206416
560	196	0.5733332263575712
738	790	0.602788957489997
5	699	0.864408128013244
170	19	1.0
687	481	0.5893240204206828
214	790	0.6866677166831819
319	462	0.5697187089100973
747	641	1.0
718	152	0.5858506937457107
225	626	0.9779763615516509
330	250	0.9417905201268095
396	396	1.0
694	359	0.6301915397424097
755	503	0.9651072448277956
691	47	0.6227572245354845
463	420	0.6026072132936228
165	456	1.0
463	421	0.8557682310736797
168	420	0.9554557856078674
100	309	0.9673615085075601
168	422	1.0
26	672	0.6433965838293212
686	492	0.7255535070100563
755	509	0.5873465294287089
327	327	1.0
157	595	0.6804871681583228
595	614	0.624305870543362
563	158	1.0
32	560	0.5684121713566835
481	789	0.9778740632217849
165	150	0.6030349984189323
382	5	0.7761693076120592
31	250	0.5526297876692751
642	663	0.5997981091587649
744	25	0.8576246911703981
593	338	0.6140995093091264
578	595	0.7213550970924143
444	81	0.7944789172931543
361	417	0.9514332543607005
614	152	0.6121577665409424
167	122	0.7943474540993157
99	361	0.6258513520829635
609	250	0.7853686675987438
298	321	0.5892074846073491
197	607	0.9749579380008643
464	109	0.5900148472938986
189	745	0.5958689225074434
31	241	0.5586995149826467
185	790	0.577766138304811
447	41	0.9560409248058019
158	270	0.5659496075007923
509	525	0.7667081632805895
686	180	0.7645930663682172
650	525	0.8944408381469355
3	381	0.9838203197240202
745	357	0.6201878870545832
507	560	0.7235117592820374
642	679	0.9776736337296228
592	357	0.6978769037040976
740	84	0.7231691264717025
592	358	0.9735249401045372
740	83	0.7695288327267251
803	559	0.6047463530482017
169	111	1.0
361	420	0.8308129018364601
492	620	0.8494174161403817
169	113	1.0
686	199	0.7384367255748375
99	359	0.6353008440235959
92	92	1.0
444	96	0.5968706208922299
803	552	1.0
492	629	0.9586594445052301
197	621	0.9652065830107338
165	165	1.0
801	573	0.595695342640921
121	638	1.0
640	691	0.5659496075007923
18	474	0.5899445111323303
357	507	0.7304470993023843
27	327	0.9651569228655458
463	122	0.7698490811123065
158	284	1.0
62	740	0.6229188024668291
633	790	0.6218267572391445
740	52	0.9769661777169101
642	642	1.0
189	727	1.0
642	640	0.9720953106458617
5	382	0.7761693076120592
578	578	1.0
26	26	1.0
185	777	0.940213996690403
287	479	0.5807982997725084
317	152	0.6023816637496621
593	307	0.6245321535243159
801	546	0.6123438233962325
27	350	0.5790530910170015
158	250	0.5647101148147761
509	509	1.0
650	509	0.7173562449633843
41	106	0.9652978469506802
189	725	0.5903906521335148
614	135	0.9143968800453599
96	72	0.8917182046371072
344	672	0.8006821268051374
640	663	0.5997622949703555
343	687	1.0
803	534	0.5756690948084232
687	165	0.5769595614336662
26	361	0.6484975550380219
197	601	0.9652065830107338
225	307	0.9778492080322541
29	322	1.0
121	620	0.7580245869697757
802	546	0.6095984255201272
361	403	0.832154903728669
643	643	1.0
20	81	0.7383918223137091
338	790	0.7989508280340735
741	48	0.5285445736240535
741	47	0.6227055952796329
503	580	0.9661340176694401
184	792	0.6101361944484919
345	671	0.9779310672465195
117	709	0.6021206775456338
99	29	0.5818291729825682
26	359	0.652447293806985
317	165	0.5806523888336206
196	663	0.6386211486334649
165	191	0.9688249308158962
492	658	0.7882611809057122
643	691	0.6178151018683856
753	262	0.5492683797890051
647	647	1.0
790	629	0.9725243787112733
72	605	0.6234256933669244
125	620	0.5496231060152068
125	629	0.566104054212205
121	672	0.7673962345399993
197	657	0.7666599966637446
197	658	0.5907797209638429
225	357	0.7706340310793428
422	605	0.6600388070311536
96	96	1.0
131	509	0.647439381463234
711	711	1.0
33	262	0.8425250798894292
167	167	1.0
32	272	1.0
756	229	0.6218962731526655
747	372	0.5770124054325222
168	152	0.6043694458579911
96	94	0.9651425020532872
756	225	0.5929221194532
168	155	0.5847404279703652
27	27	1.0
361	468	0.832154903728669
647	658	0.6800384351834908
653	540	0.7631681972254718
41	122	0.5762457925054296
748	372	0.606697570916203
764	109	0.6307251220955291
34	243	0.5926256251953931
418	704	0.5933093979947095
26	38	0.9817282396709897
5	396	0.6105521771552078
197	663	0.6061671228227973
525	301	0.9828952930726026
225	13	0.7188490679616077
661	401	1.0
168	161	0.608038146860019
595	357	0.7012399284013968
747	39	0.5819066668147328
509	574	0.7933407956836015
121	677	1.0
459	250	0.5808599541591083
29	340	1.0
189	790	0.5876673118551817
260	743	1.0
63	733	0.6035935297756405
168	168	1.0
95	95	1.0
712	712	1.0
32	263	1.0
420	631	0.9255249512491248
41	152	0.571351238312758
592	368	0.9735249401045372
643	672	0.9281587649107874
747	359	0.5797317416938756
169	122	0.8024926360585586
29	31	1.0
586	479	0.5865129911555594
745	381	0.9838161160672826
130	509	0.5962476907095704
591	34	0.7935869935922346
72	620	0.9562582113648016
357	524	0.9085765557076019
464	122	0.6059923592686999
595	321	0.617519905107764
217	462	0.8561988666281398
650	540	0.9178495384378221
609	270	0.6163254346338873
591	26	0.5992728288490106
464	129	0.5983719317121333
117	737	0.7303027884834281
609	278	0.9528779177871227
636	792	0.5916609378554134
803	578	0.9674403281653663
483	792	0.6014647257065017
169	137	1.0
225	344	0.7455427655334421
492	646	0.7803116537216546
421	605	0.6065818125841231
63	761	0.6173152394119226
447	79	0.9437430486218155
196	650	0.8489974666418827
642	694	0.941017961454843
463	152	0.6049447323682443
44	108	0.6121073079512191
196	658	0.851791856653765
589	450	0.8183059514751488
121	658	0.6944558499079545
34	262	0.6001732572921719
591	39	0.9089867619505989
585	492	0.6028192109289059
29	361	0.5736579210180484
646	646	1.0
747	361	0.5718903164818215
486	751	0.90556811276106
63	790	0.986969729199247
418	730	0.9650206661199979
467	154	0.9233191755517887
235	235	1.0
125	663	0.5814517430396343
131	558	0.652519292105028
236	225	0.9893568605296098
528	306	0.7767423502265556
468	145	0.976712853988759
659	507	0.6733962974110627
71	657	0.5907647899042621
372	328	0.784729286050189
26	81	0.6485649096101117
761	165	0.6068007960835577
766	105	0.977881372730105
756	262	0.590024890527197
421	653	0.6043694458579911
647	687	1.0
758	241	0.7040150780721142
425	609	0.6985413793464476
5	99	0.6191152784216378
783	783	1.0
168	199	0.8047620492190919
747	81	0.5805568465725744
714	735	0.9963320041939084
99	99	1.0
653	589	0.6207246404730435
372	330	0.8527943636431347
125	672	0.5511355382659207
663	426	0.8280450147142707
422	653	0.7818690187302867
235	246	0.9729536402442953
242	122	0.7465485182110982
136	509	0.781910998651211
593	81	0.6114917024664275
237	225	0.7417724594544617
71	642	0.5666123128077338
236	236	1.0
136	507	0.7239420576805229
530	243	0.622412462072802
225	55	0.726912086046591
647	691	0.996387144068987
524	357	0.9085765557076019
716	703	1.0
235	240	0.9729536402442953
229	357	0.6375238893042573
298	70	0.860334410274408
758	250	0.7791847551483317
709	802	0.7257788194630405
595	22	0.9027083033222628
590	81	0.7003893090199569
169	169	1.0
463	183	0.5938342332705234
468	122	0.8091103075441134
67	766	0.9591256367534917
423	612	0.8335802988604954
790	643	0.9400387508474359
589	483	0.6243802357341109
72	663	0.6153767576620024
462	196	0.5938294330002634
417	727	0.9778228859515685
593	44	0.6473265969523692
199	643	0.803901145682286
650	588	0.976714328131017
711	733	0.5899042926692613
80	528	0.582000669453491
39	258	0.614326928466769
127	614	0.558667140509637
169	165	0.5690033605308469
792	614	0.604543281620697
420	643	0.9438966871148593
761	148	0.6166615216797647
761	146	0.7016543333326059
714	714	1.0
422	635	0.5792418465687769
590	96	0.6227296926611758
131	540	0.905086640298289
492	686	0.7255535070100563
71	663	0.6307943505990673
125	658	0.5647169399722312
197	686	0.6736646729062992
422	636	0.9868970900210815
131	543	0.9176055904142597
130	559	1.0
372	317	0.9867722825594908
167	199	0.961331011981168
486	792	0.5881667353264526
761	152	0.6210970415313585
199	650	0.9252151634416437
745	83	0.7371562973238457
199	658	0.8051787011380288
661	426	0.6056375878253222
520	96	0.568633558941478
372	368	0.9867722825594908
29	99	0.5818291729825682
787	787	1.0
237	258	0.6368585447982491
560	764	0.5703578268016546
71	691	0.9944873001573076
594	95	0.6042505273050262
238	239	1.0
525	372	0.7988123882651975
359	598	0.9705784200787418
200	602	0.9445560908624724
792	676	0.6186515781826502
718	718	1.0
541	109	1.0
658	556	0.8250716154864264
421	698	0.6238107782962018
270	658	0.679654815955023
594	96	0.6194445003749931
47	133	0.6157649051864931
237	262	0.7419786281576666
422	698	0.6141298659426164
127	691	0.564887381534319
78	607	0.9749579380008643
792	697	0.6139437664689559
243	151	0.6015129992926044
72	672	0.7006098085818293
766	165	0.5532790598040159
81	525	0.8019255246910344
243	152	0.6044797237586215
725	609	0.7319182307640939
238	250	0.6820816751119787
