663	460	0.9698756594987682
425	658	0.8724665169019787
425	657	0.8350506583878765
77	633	0.8216312488478271
236	270	0.8396921185195593
372	372	1.0
422	698	0.7965618958907705
229	51	0.8712325328587297
560	772	0.8790591526921071
268	733	0.8802858050318828
766	165	0.7909199592558606
792	697	0.8451630997889482
238	250	0.8311509670857343
725	609	0.8541133101902509
560	778	0.8406986418701272
657	589	0.8652338307155585
563	740	0.8730530939788074
657	584	1.0
658	574	0.8886707972795311
524	69	0.8357198423006619
418	790	0.8570997684933329
71	691	0.9958926874948808
724	621	0.8156977025784194
433	534	0.9014973224274415
423	691	0.7627944956730272
238	262	0.8279841188889099
672	330	0.9356631276671886
29	99	0.8581801961395321
425	672	0.8518840336120862
270	640	0.8825869957802243
789	740	0.8384326988682536
658	540	0.9114068171194505
48	158	0.859186103888
270	647	0.9979440159327408
595	78	0.8377872024413541
657	558	0.9199128339876093
663	442	0.9578169538881017
372	350	0.8948468557559949
141	420	0.9518682668921576
559	803	0.8029524463053209
520	81	0.7538329696033682
83	542	0.8720174303754442
372	359	0.8959520820056495
77	658	0.8086357972563434
241	155	0.8590956558139603
372	358	0.9907003742212565
766	143	0.9833852756364599
48	165	0.8844460154906707
525	372	0.8943944318988116
534	225	0.8065210864113135
722	625	0.9493755800530815
359	598	0.979679544034533
792	678	0.8259424489606016
594	96	0.7509389526737787
238	239	1.0
594	95	0.8006406442150794
658	556	0.8963237584040076
200	602	0.9632093330761429
718	718	1.0
270	658	0.8851203680461994
77	641	0.9862278738061765
541	109	1.0
421	698	0.838779825707179
78	635	0.8459599177760118
524	48	0.7802619683907803
372	368	0.9907003742212565
520	96	0.7963405363746148
792	686	0.8311920175473904
787	787	1.0
540	122	0.8682207141008935
237	258	0.8810767593214718
47	165	0.8422135832657073
48	150	0.8657698228269514
647	691	0.9979440159327408
530	240	0.9764413463683783
225	55	0.8629926858248765
530	246	0.9764413463683783
530	243	0.796739900653194
235	240	0.982076254879969
229	357	0.81608204715649
71	663	0.8822449366023446
758	250	0.886557148362879
372	330	0.9111289446698552
125	672	0.8424420929283057
714	735	0.9971071283841048
422	653	0.8933444322897028
235	246	0.982076254879969
81	509	0.8856479137349997
236	236	1.0
653	589	0.8582202996367666
242	122	0.8759958701711101
136	507	0.8391472828165131
127	651	0.98194993286136
136	509	0.8612837961528091
761	183	0.7957728749029018
529	307	0.8128112802089839
242	127	0.8267122164056849
237	225	0.8559800259899351
127	657	0.8565984448083354
593	81	0.8374155417298662
72	657	0.8353548978126225
716	716	1.0
243	117	0.8545873647812482
531	243	0.985509783595008
261	786	0.9836085794015016
758	262	0.8595472312094301
262	773	0.8905727131215397
130	585	1.0
125	686	0.8260139349940139
236	243	0.761984575150174
764	157	0.8385999595715762
301	301	1.0
71	657	0.8328764803054617
785	785	1.0
764	154	0.8957496303904994
136	518	1.0
524	372	0.9059105711785144
524	371	0.9369056999406198
661	462	0.824126542896268
525	361	0.9096869721901416
142	404	1.0
237	237	1.0
63	790	0.9912411409288271
486	792	0.7682938129541489
661	426	0.8089670563237883
167	199	0.9684671726102987
199	658	0.885478166933295
745	83	0.8518379538605451
81	525	0.8891183638738202
262	740	0.8739583163861048
663	409	0.8885765217805879
714	714	1.0
590	96	0.8567350377860241
125	657	0.8414877895491792
422	636	0.9913872991771605
72	672	0.826075854545348
422	635	0.7686492215575345
125	658	0.8029233989748373
197	686	0.8670658087720035
130	559	1.0
372	317	0.9907003742212565
117	790	0.8199076568550446
78	607	0.9760641963599601
560	714	0.8793085186167703
47	133	0.857419394952755
761	166	0.8113677276198817
783	783	1.0
44	150	0.9130050011425341
766	105	0.9833852756364599
761	165	0.7844013815977033
425	609	0.8516380730500839
168	199	0.8784877491531794
39	258	0.8546624425219782
125	660	0.9797343742883539
361	492	0.9001548288223465
758	241	0.8589906524697347
647	687	1.0
467	154	0.9512329639575297
125	663	0.8067292521737999
67	766	0.9717642363569121
235	235	1.0
659	507	0.8293259077214251
72	663	0.8192181254655017
236	225	0.9916407252758012
764	133	0.8459720115273064
418	730	0.9675805160362466
468	145	0.9810810541908008
716	703	1.0
131	558	0.8274063934496506
529	74	1.0
20	426	0.8194501001137461
309	319	0.8350197501280155
574	642	0.8819350828070494
91	462	0.7938389501003126
205	635	0.9273791916872143
668	486	0.699332953844603
733	546	0.822257597461646
307	344	0.864140926648115
248	170	0.963770453027606
737	502	0.8500660640102349
385	262	0.8638243957465768
545	152	0.8520566774611066
154	330	0.8544521083858768
213	509	0.8276227839445874
545	155	0.8687238777212141
676	359	0.8579429527423816
204	658	0.8515880514979246
602	357	0.8235392956288567
728	657	0.7953142118127859
728	658	0.8316562671386526
307	352	0.9948415718340505
730	595	0.8520490095989406
741	420	0.8512411831416103
344	710	0.8770148648971356
574	658	0.8886707972795311
602	13	0.8119494551912377
307	359	0.8583223221137026
307	357	0.8595292000487403
727	672	0.8458832958998929
444	444	1.0
78	699	0.9436286428991622
389	229	0.799173183756204
602	16	0.922986640057214
385	270	0.8504590344391714
544	178	0.7634331633499787
481	802	0.8190969124419564
204	663	0.8987480399887033
546	152	0.8429226228578701
728	663	0.9496253030644747
150	48	0.8657698228269514
602	361	0.8523438741952809
281	593	0.8300510174437802
733	525	0.7958408968163093
154	304	1.0
678	301	0.8418470626386685
200	672	0.8534935149218237
674	359	0.8832117044578032
150	359	0.850854609856622
666	492	0.8680760966692306
278	638	0.9525322437435148
183	803	0.9831996213460767
203	642	0.8102717801248202
676	330	0.8650512006549428
248	152	0.8412742239927513
682	223	0.9938779141845699
718	790	0.7879898332360056
248	155	0.8300003578196234
545	133	0.8104515312980668
733	531	1.0
546	123	0.9626442838547464
546	122	0.8800995124250187
674	361	0.8166252357422661
150	361	0.8564543031822913
205	621	1.0
309	309	1.0
200	686	0.8311509670857343
307	333	0.8464828736707405
92	466	0.9658393831410372
269	790	0.9139682027579069
385	250	0.9716435107062502
539	258	0.850249089605393
730	578	0.8503152224911785
204	642	0.8915005428500343
727	658	0.8585188403608671
672	359	0.9039156240637723
602	301	0.8100371392789231
540	167	0.9532209682129842
385	217	0.8362017912016212
91	420	0.9619424821729899
541	157	0.7850086135764932
718	763	0.9714247145780736
525	81	0.8891183638738202
725	640	0.8278434702887414
77	672	0.8268542168427323
91	426	0.8129764895807636
200	658	0.847693057948845
544	122	0.7879235515467674
730	548	0.8099442429118433
539	225	0.8099059697783483
78	663	0.8170836804830437
12	520	0.9712883664050028
307	307	1.0
672	361	0.9659636841385003
544	129	0.7970950772573706
429	658	0.8747358668721323
372	72	0.8916931087894088
536	262	0.7818340234063488
426	691	0.8533342789059827
47	199	0.8529695278490866
205	601	1.0
674	340	0.9831742858292322
426	698	0.8648130318474618
182	801	0.8315790181027152
382	262	0.7179999589034266
529	48	0.7772176353643806
734	503	0.9449672843520824
91	415	0.983837133093795
77	660	0.9862278738061765
141	494	0.9760834483091578
78	658	0.8339551627152535
78	657	0.8566759892603398
730	559	0.8031091749175985
534	298	0.8011905462815
722	692	0.9493755800530815
77	691	0.7764268083486688
238	269	0.8074856037295834
672	333	0.9659636841385003
426	663	0.879569667697709
301	350	0.9946353452053783
524	79	0.9540505109377041
789	789	1.0
529	361	0.8074856037295834
433	544	0.7948910988960997
83	586	0.9488946024355781
238	270	0.8269109692527183
78	686	0.8616104571952927
543	117	0.9865209610724428
269	740	0.87325984392872
269	743	1.0
789	790	0.8202283877006398
270	691	1.0
238	278	0.8127899457395652
301	13	0.8780535997683889
732	509	0.851761115478224
541	147	0.9797718773527601
140	482	0.9979579647763013
573	605	0.8415547123913528
725	630	0.9866556042654158
542	132	0.9256022849123506
136	573	1.0
529	372	0.8293675946104825
229	83	0.860952700635862
429	640	0.8867167553456115
676	301	0.853102636483471
78	678	0.9436155081614144
278	609	0.9674434800168576
429	642	0.8877565203545195
672	350	0.8984071529343062
429	647	0.8752833219105789
12	539	0.9638562032752355
640	650	0.8458469843629896
161	161	1.0
287	464	0.739368063519623
343	672	0.8418554050680553
635	750	0.8388568286169961
161	168	0.7565984111679556
586	420	0.8579319919536105
290	48	0.8161857069068017
636	740	0.8764340475775665
741	372	0.8290986880669466
802	526	0.9680049373190718
350	554	0.988862914947534
146	81	0.8280075440703981
747	309	0.8139364367465737
345	658	0.9619851177607891
577	577	1.0
593	307	0.8319919437617084
483	735	1.0
640	663	0.8887792702923699
287	479	0.8484852832746912
317	152	0.7839283314274437
15	477	0.987403414251932
801	546	0.8510287199603684
650	509	0.871890220686095
343	687	1.0
642	640	0.9722613132842736
344	672	0.8777425705383026
158	250	0.8366121032443158
614	135	0.9360269868429156
509	509	1.0
189	727	1.0
633	790	0.8363372626534429
740	52	0.984703099445641
642	647	0.881639561329021
642	642	1.0
18	444	0.8373029515263228
185	777	0.948685105467394
503	580	0.9809123526060961
338	790	0.8892946764142061
578	578	1.0
574	583	0.996394836307125
745	301	0.833477451466335
574	582	1.0
740	361	0.8931295316525633
738	429	0.8751689365151725
92	92	1.0
18	474	0.7644456780618915
27	327	0.9741569774308128
157	237	0.8341199078257951
678	270	0.8380845630851503
92	95	0.9606042353353327
290	372	0.8276697729923955
687	121	0.8765001138859284
350	533	1.0
586	409	0.8730142901814949
99	359	0.848426045710258
687	122	0.8566612226762859
31	241	0.9143126611848099
734	481	0.7570642031119008
160	160	1.0
205	585	1.0
507	504	0.9847949697163212
643	603	0.9953629356439265
507	509	0.8750639912230435
205	589	0.8516919194236773
640	640	1.0
507	507	1.0
640	642	0.9722613132842736
578	548	0.8556715008816518
343	663	0.8839015578435716
32	217	0.7908489178611793
635	745	0.8499217857279278
640	645	0.9869231347847144
344	653	0.8836938092949324
91	91	1.0
636	731	0.9948674911139108
741	361	0.8682476010748177
642	623	0.879784324848794
481	744	0.8353681080331301
344	658	0.8806758193589197
775	802	0.8075414329288778
309	278	0.8401287511560391
287	462	0.7307834248512283
333	790	0.9166620130272028
151	281	0.8441279069296797
452	217	0.851376193962273
205	559	1.0
183	740	0.9312690968130598
148	18	0.7739973662592815
157	212	0.8348916162361899
444	358	0.9765048438489786
605	236	0.8482046359597156
605	237	0.8467234771761633
91	48	0.7826570040322787
18	413	0.8039184271274769
737	420	0.8653061189912772
213	426	0.831633552047621
154	250	0.8606921826332096
633	744	0.9296647328103677
633	745	0.9270758432326204
155	241	0.8590956558139603
682	165	0.8463824807563597
502	540	0.8464387110569124
290	359	0.8494996657772297
13	479	0.8286941800012236
277	593	0.8170939619510059
277	591	0.9397880022580627
679	243	0.8462337460971423
444	18	0.8373029515263228
574	574	1.0
686	122	0.868991399758034
183	754	0.8544859365370628
151	298	0.8267027436368635
184	740	0.8745475233221468
17	411	0.9694771348058733
343	647	1.0
108	801	0.7946352228138106
183	757	0.9831996213460767
309	250	0.8416090597832034
577	540	0.9659636841385003
95	331	0.9686922463856625
309	251	0.9794339874261129
444	368	0.9765048438489786
184	743	0.9900945574561905
450	250	0.8385099251376885
13	464	0.8530494104754989
738	420	0.8565725857343666
184	745	0.8476731857801799
180	790	0.8661873834497644
285	468	0.9876722580206426
738	426	0.8485405455610068
578	534	0.8252731486257286
724	592	1.0
150	270	0.8837116297144055
678	225	0.8256034927550175
281	477	0.9684984547592602
668	386	0.9450174349014279
666	64	0.961830911131396
151	262	0.8821186804348348
503	503	1.0
502	519	0.9058631310430753
20	20	1.0
3	330	0.8253642053225013
183	727	0.9671200407087255
682	140	0.992510330550236
631	740	0.8854605939122928
95	360	0.96464003741183
141	81	0.8758663300708756
573	560	0.7772176353643806
733	450	0.8074576789942663
20	359	0.8606242859574115
205	544	0.8358427048647936
96	338	0.8207975241470888
283	462	0.8330427235990798
18	420	0.799263204734429
182	745	0.8368515277840709
161	118	0.9804897078673099
151	278	0.8955089714991303
92	388	0.9640921451527416
183	738	0.8793823098430701
676	267	0.872651537943835
605	225	0.8480739726643066
99	309	0.8626661594782149
732	472	0.9761086199250645
686	105	0.86819718321663
733	462	0.8359566784452196
350	507	0.857580728076786
203	578	0.9723921479633711
20	361	0.8411484196925593
573	573	1.0
350	509	0.8809887834530477
189	790	0.866255701764082
595	357	0.8454792200467142
509	574	0.9012905000057737
420	631	0.952986527234873
747	39	0.8375799062711804
525	301	0.9884635285642034
593	34	0.8462136327770888
661	401	1.0
260	743	1.0
593	39	0.8383167660222469
653	540	0.8512296038082335
34	262	0.7676670757610929
168	168	1.0
647	658	0.8830714891385002
712	712	1.0
421	621	0.8473189143688047
462	180	0.8445976971491609
590	73	0.9664105605767369
492	666	0.8680760966692306
196	674	0.8728298070796244
44	108	0.8362411374513672
63	761	0.8187223798068446
747	48	0.8114540938741669
785	739	0.9956738079448224
167	183	0.8514995014121558
121	687	0.8765001138859284
96	96	1.0
33	262	0.8696277872950925
761	146	0.8576906062465504
199	643	0.8820946172930291
96	94	0.9759189806680195
650	588	0.9778872200614007
32	272	1.0
711	733	0.8395263759382134
420	643	0.9620359352186116
761	148	0.8073906320347272
169	165	0.8392112589567445
590	81	0.8261948393703461
790	643	0.9624205544962243
169	169	1.0
197	672	0.7957790603952992
417	727	0.9855693032061024
29	359	0.8891382823879667
197	674	0.7931510480851675
709	802	0.8475260302852383
463	183	0.8434382977727681
468	122	0.880325471084182
298	396	0.9105280568384593
199	650	0.9352203909475023
614	185	0.8631538743486279
595	335	0.920402970877254
121	658	0.86006539590589
591	39	0.9309765809469055
585	492	0.8335758290812872
71	642	0.8770931475723743
642	694	0.9572970828086744
447	79	0.949130800908713
646	646	1.0
747	361	0.8251292315502484
492	646	0.8754800740337361
196	650	0.8971868314091435
803	578	0.9772851234283965
748	359	0.8500543721551818
169	137	1.0
589	450	0.9021055208103113
225	344	0.8547524749140262
483	792	0.7353474480462416
298	360	0.905955498429002
196	658	0.9130380891691041
462	165	0.843557619558544
507	586	0.8833726107864771
121	666	0.8683718775753443
99	99	1.0
463	152	0.8486115600737286
756	225	0.8087463225049746
167	167	1.0
122	658	0.8873531801815779
711	711	1.0
168	155	0.8065830128207025
748	361	0.8272179052570853
647	647	1.0
761	127	0.815864061193763
647	642	0.881639561329021
756	229	0.8070940408321631
492	658	0.8820645319025687
125	620	0.8084033494384786
357	540	0.8535768413394212
72	620	0.9705460632787104
165	191	0.9729324358366486
643	691	0.8430631051616931
753	262	0.8132743379274815
225	357	0.8485287057632375
790	629	0.9820081402815724
422	605	0.8480581251094529
125	629	0.8434218303186362
121	672	0.8774370115529267
29	31	1.0
197	658	0.8220754625709246
459	250	0.832123234560018
197	657	0.8634162307449488
41	152	0.8058829981980116
121	677	1.0
217	452	0.851376193962273
26	359	0.8217152847418386
640	691	0.8825869957802243
121	638	1.0
99	29	0.8581801961395321
686	197	0.8670658087720035
29	322	1.0
158	284	1.0
591	361	0.8327955211291644
492	620	0.9140198122105506
20	81	0.811486464637133
169	111	1.0
740	84	0.8932067171185496
642	679	0.9792676309064132
169	113	1.0
361	420	0.908603454142596
481	798	0.982087604098535
492	629	0.9694305395899908
592	358	0.975034051267843
803	552	1.0
507	560	0.8778639637090014
740	83	0.9014534004481244
592	357	0.8084255074921912
197	621	0.9737419622544317
444	96	0.8436275119213253
165	165	1.0
650	540	0.9293289949733045
609	270	0.8793638660997466
803	559	0.8029524463053209
26	361	0.8206480190985238
99	361	0.8557496350569737
636	792	0.7775527657635835
3	381	0.988281738642901
217	462	0.9062172637011675
609	278	0.9674434800168576
595	321	0.8173096638658897
117	737	0.8813130794256633
464	122	0.8440091486098535
464	129	0.8565356347180688
586	479	0.8603093271683157
756	207	0.9329539405102981
169	122	0.879290064035267
747	359	0.8291636524544427
643	672	0.9509168622458428
592	368	0.975034051267843
591	34	0.8568456770464093
745	381	0.9882735933182812
31	250	0.8947243688775788
357	524	0.9256624020634724
463	144	0.9476509476464039
130	509	0.7796996928338661
452	278	0.833852638654242
317	165	0.8030511522465397
32	263	1.0
741	48	0.7895494007267462
63	733	0.7620348484873418
95	95	1.0
34	243	0.8072508255636011
158	262	0.8271896060817643
184	792	0.7860583672801575
29	340	1.0
345	671	0.9840611193884817
27	27	1.0
803	534	0.8178931399841237
643	643	1.0
26	38	0.985889998933693
26	39	0.8305472570122672
687	165	0.8357637363028365
802	546	0.8542752977800253
197	601	0.9737419622544317
462	127	0.8738941043188658
121	620	0.8486312789468097
41	122	0.8043496204156032
225	307	0.9808866006040617
614	152	0.8266458910621619
197	607	0.9760641963599601
121	623	0.8508817100347608
298	321	0.8056335794216839
686	180	0.8704129358264691
650	525	0.9314973065344211
96	72	0.9266013982905916
509	525	0.8835779152092571
609	250	0.8932921180304358
167	122	0.8874195313564058
27	350	0.7888348110124429
744	369	0.8878772726643471
5	382	0.8445202056929504
158	270	0.8825869957802243
317	178	0.9914430652862639
447	41	0.9556980388174117
185	790	0.8106799026508383
382	5	0.8445202056929504
642	663	0.8901471857765677
444	81	0.8658280920894369
165	150	0.8468195847262788
70	606	0.9967354418598382
593	331	0.8349225577116508
26	26	1.0
95	92	0.9606042353353327
591	12	0.8298759196246933
361	417	0.9629083709300028
462	131	0.8452645105255722
578	595	0.8536903765879016
463	122	0.8783018690499949
643	657	0.8286009939499898
62	740	0.8778764076489357
593	338	0.8534063400092816
430	678	0.9956132347105411
108	154	0.8071164517070878
91	509	0.8714488733886219
659	672	0.8386599449576582
55	138	0.9814691539155381
250	141	0.9700706271500031
281	614	0.847287018905867
109	147	0.9797718773527601
372	492	0.9105906786303338
136	663	0.8381060822839873
725	725	1.0
47	270	0.8228121056348536
539	301	0.8357110615633707
674	418	0.8505832752090073
238	372	0.8293675946104825
248	213	0.963770453027606
544	205	0.8358427048647936
429	738	0.8751689365151725
385	307	0.8675770503392263
243	278	0.8077254778374063
200	740	0.8399381847414124
701	132	0.9499050213755864
281	620	0.8514263026909702
108	165	0.816614912891543
310	310	1.0
426	778	0.854681204745723
573	703	0.8074856037295834
150	426	0.8470595201089021
724	740	0.896940831835113
136	672	0.972243047480896
281	629	0.8446873619665207
758	81	0.880694071644501
433	653	0.8117773955076962
278	702	0.8767043842036721
39	53	0.8521524850057874
725	738	0.8434465306559347
77	747	0.9862278738061765
425	790	0.8478201626694654
409	104	0.9699948389902177
52	165	0.8389551492746324
755	81	0.7214091980500319
663	560	0.8878772726643471
430	658	0.8524967692422201
55	157	0.8234419470992345
56	142	0.8018610355377901
528	450	0.8013261369744873
659	658	0.8261900822797811
725	702	0.8486509946130857
659	659	1.0
401	165	0.7890910106007505
241	272	0.9753901858819168
251	117	0.772324701051448
39	83	0.8555188091117363
242	262	0.8359084721285678
725	700	0.9868408717639358
792	792	1.0
403	145	0.9810810541908008
238	359	0.8314971702175485
657	686	0.8591065131029296
658	671	0.9687484576745072
772	154	0.8130137624184205
56	133	0.8056222293525767
659	663	0.847724846637432
541	225	0.9584190210963516
724	724	1.0
237	370	0.9885326558232633
12	614	0.8242668539529933
674	404	0.9831742858292322
775	121	0.7925417112042441
136	658	0.8463864980737142
238	361	0.8074856037295834
402	169	1.0
403	152	0.7404255645596138
474	199	0.836734052026156
430	672	0.8293537006104685
13	602	0.8119494551912377
53	117	0.8431043923193501
142	507	0.8369601988020542
270	740	0.8916429022567306
420	790	0.9690790174393628
430	635	0.8957226126269446
133	658	0.8742948890473577
790	790	1.0
125	790	0.8560542531389548
108	115	0.9500911804295868
657	657	1.0
229	479	0.9006602316583754
39	22	0.9753693495220832
109	109	1.0
529	420	0.8270291159443793
176	193	1.0
402	131	0.7980085339393503
242	242	1.0
531	18	1.0
629	154	0.8543054112968962
402	137	1.0
430	642	0.773281448919095
474	167	0.84348357167056
178	178	1.0
540	217	0.8506104359517358
531	361	0.7171796334058069
666	516	0.9470613995876634
48	204	0.8529999655008272
108	122	0.8103698608169657
243	237	0.8200781544401717
229	482	0.9955938973957426
657	661	0.8822659670054674
722	722	1.0
659	642	0.8198273367435472
658	658	1.0
382	301	0.8284097328894051
301	420	0.9807935678406766
426	738	0.8485405455610068
72	766	0.9706446509282459
241	263	0.9753901858819168
764	278	0.8411190463953659
251	100	0.9535962822600326
81	619	0.9848186235573361
301	422	0.9814463542371201
468	285	0.9876722580206426
237	359	0.8977705248715321
243	243	1.0
721	740	0.8568567354740462
242	217	0.8243973382618052
328	199	0.9158481161141913
53	133	0.8875982182668457
133	635	0.8384241150973432
72	790	0.853273562814938
81	643	0.8845965105440815
758	350	0.890673953560874
755	41	0.9725471644010828
459	53	0.8593053933813704
129	729	0.8858933508856883
658	620	0.8966970406712188
426	705	0.9495480997231934
130	672	0.8172224039525121
467	262	0.8037339574970547
518	573	1.0
131	663	0.8267879712167221
758	359	0.8919800217969235
176	176	1.0
402	113	1.0
237	321	0.8587985173337451
402	111	1.0
141	509	0.8741827989228789
83	627	0.9816172615277866
106	121	0.7932333110563892
359	672	0.9039156240637723
792	750	0.8588674305686078
242	229	0.7978203522425149
474	148	0.7860516260448915
457	81	0.8114433016107938
534	306	0.9322225075896149
53	122	0.8797383577440142
426	714	0.8859050265036638
321	5	0.8032251323040479
270	735	0.9979440159327408
764	250	0.824807180870646
758	361	0.8819230342666603
108	108	1.0
270	738	0.9962370622742683
71	790	0.8436316219747554
241	241	1.0
130	686	0.8589689164178942
131	672	0.8145107256176953
627	165	0.8226063106681268
55	109	0.8433682955436804
105	143	1.0
468	262	0.8598389677701809
655	676	0.9761204638192903
721	721	1.0
39	39	1.0
131	679	0.8846466357590574
199	790	0.8785867727464557
39	34	0.8567239683573221
396	5	0.8233347705863253
753	81	0.78895969894626
703	181	0.9811381951134638
703	182	0.7641667339960146
702	199	0.8841977498397493
502	737	0.8500660640102349
602	462	0.9127186756977135
283	672	0.7832115307900975
554	121	0.8886079547267971
737	620	0.868425580228097
545	270	0.8062730473715005
544	289	0.9916128838479873
350	715	0.8877622730722289
385	385	1.0
204	775	0.989908145280891
15	634	0.987403414251932
585	601	1.0
288	621	1.0
283	686	0.7785160818237266
152	481	0.844029632528725
317	317	1.0
704	180	0.860934874531658
709	122	0.8452117875721814
676	486	0.8718641103252418
450	450	1.0
203	790	0.8997941026418992
389	344	0.8742948890473577
676	482	0.9773775842470258
727	790	0.866255701764082
578	730	0.8503152224911785
96	520	0.7963405363746148
155	450	0.8446629145325504
629	5	0.8405975254576917
154	467	0.9512329639575297
733	646	0.8499958959883169
204	749	0.9769279140848496
385	359	0.9265374416676379
200	790	0.8368167321858346
287	602	0.7894971074910664
238	81	0.8184025730612455
205	736	1.0
574	740	0.9417410568378601
281	676	0.8381146888806812
248	270	0.8246000269421306
152	452	0.8677796086027727
283	658	0.7446692710353258
309	420	0.820563214865874
545	250	0.8207875630725228
546	241	0.8695978735388725
290	532	0.8820615229684212
258	118	0.9804897078673099
678	430	0.9956132347105411
205	740	0.8130882722290118
679	424	0.969105490434403
778	165	0.8629961921649291
447	503	0.9556980388174117
288	601	1.0
3	524	0.8027373216572479
502	727	0.8526571027216401
679	426	0.8265937521471205
725	790	0.8615962725558982
99	509	0.8678841341683251
605	422	0.8480581251094529
152	463	0.8486115600737286
627	5	0.8421470261603745
18	620	0.8473069545550942
605	420	0.8597237966154053
258	129	0.8858933508856883
409	165	0.8134760152953331
546	250	0.8519914852303564
95	558	0.7972966670858257
728	728	1.0
706	105	0.8729787094248159
701	165	0.8093743058342959
290	509	0.8264277022677654
534	59	0.9058606337120364
542	265	0.9290238012496026
200	776	0.944982145716475
20	509	0.809132330443464
83	689	0.8973656865991735
57	157	0.817299401378028
699	3	0.8670454508931488
540	298	0.854639924047016
727	740	0.9642631925120962
450	407	1.0
13	635	0.7623192930710606
699	5	0.908157688738648
150	460	0.9740428213354885
573	740	0.87325984392872
237	83	0.8573606756392318
382	382	1.0
573	743	1.0
13	619	0.9786496587776435
160	303	0.9536119705522671
238	74	1.0
250	199	0.9299975465853011
250	196	0.9347601470611012
283	642	0.637520968908338
147	541	0.9797718773527601
83	678	0.8479709264826435
605	401	0.8642138571160058
389	301	0.8316698941089484
539	359	0.850928153431077
539	357	0.801243622638973
536	48	0.8185092725218512
203	757	0.971158021035202
678	420	0.845657179951106
382	48	0.7250919180927835
237	51	0.8785001313759507
702	133	0.8684088006462231
281	634	0.9684984547592602
96	503	0.7680641605576619
409	109	0.8168108910404225
430	699	0.9958103253042524
237	58	0.9659270429196153
92	556	0.9590837778485611
251	154	0.7938704053371125
659	691	0.8185498943379313
250	168	0.9045806704795204
251	152	0.7655219369287386
136	686	0.8001119065609476
12	668	0.7993111869178212
136	685	1.0
13	653	0.9366114594403472
147	511	0.9866556042654158
235	81	0.8773589434523713
148	502	0.8007235943564305
148	508	0.9886207101750004
536	362	0.9470815193781549
727	727	1.0
78	792	0.8120300203896526
734	606	0.9931111730334017
136	690	1.0
542	258	0.8770305253455556
531	81	0.6040718417281389
698	5	0.9034253980816828
283	629	0.7628360813996419
278	727	0.9797675505889064
698	3	0.8474145503632029
682	311	0.9952880183369757
544	237	0.8002785147628948
531	89	0.9690369616866754
84	686	0.8405385015406024
248	248	1.0
507	639	0.8755973433147776
462	217	0.9062172637011675
287	586	0.9698044124166464
747	420	0.821041306540093
801	658	0.8567424168489991
514	514	1.0
155	51	0.8349755815740971
801	657	0.8356539710236843
168	200	0.7971378685653463
167	216	0.9654146406979285
155	53	0.8338570980573506
452	34	0.8477804567721496
585	559	1.0
389	297	0.986070759367389
29	404	1.0
350	672	0.8984071529343062
747	429	0.7988003420840217
507	640	0.8820043395636692
642	751	1.0
5	450	0.9273791916872143
747	426	0.8167284140439298
31	340	1.0
744	463	0.8383854805136888
507	642	0.8825720126293513
152	95	0.8483430644501205
503	691	0.8150717335618507
507	647	0.8834172706011374
803	638	1.0
457	325	1.0
287	593	0.9747383196772224
217	540	0.8506104359517358
26	427	0.9759100849959249
26	426	0.8203034321588457
31	322	1.0
344	790	0.8892946764142061
288	585	1.0
321	189	1.0
737	590	0.9020952362448013
620	143	0.955252717884095
464	205	0.8228023140410508
155	67	0.8501556641890207
452	48	0.8436480607869742
802	658	0.8446180813683566
753	322	1.0
748	420	0.8421761494246348
594	420	0.7629690491882195
754	310	0.8793454196481572
100	100	1.0
166	243	0.7784367249557977
748	429	0.8254360425492251
165	258	0.8489070069629807
745	421	0.8318378317004295
152	67	0.8573459914112518
452	359	0.8295573161757193
503	663	0.8417135050019116
29	420	0.8792254516399376
450	39	0.8505755138815846
605	372	0.8535048809687893
288	559	1.0
158	344	0.8367906288391811
29	426	0.8459518546027437
155	39	0.9753693495220832
687	241	0.8341332555596301
150	99	0.9950617351970159
691	158	0.8825869957802243
462	200	0.9549112967020418
578	663	0.8465390573178704
26	462	0.9192429397543925
642	738	0.8816486181996491
307	67	0.8478757290666913
287	571	1.0
99	460	0.9709353841330839
63	802	0.8485010750703494
609	333	0.8928838815676828
309	48	0.840226035039129
620	121	0.8486312789468097
687	250	0.8606207114093115
158	359	0.8297836589021197
350	666	0.8756163495991162
753	309	0.7941217336756689
396	165	0.8604919584099368
157	27	0.9497293682547285
573	698	0.8195256447352632
574	686	0.801090223734678
278	691	0.8712062841945533
287	548	1.0
672	91	0.9436961727712965
574	684	1.0
590	413	0.8713210812539679
18	531	1.0
344	740	0.8770837562333876
307	385	0.8675770503392263
309	16	0.9469882114802082
207	657	0.8491467741062141
154	29	0.8838926613417593
642	714	0.8795512514401379
605	359	0.8586859967816957
602	48	0.8301752721147273
586	507	0.8833726107864771
204	691	0.8726190979689544
545	199	0.8483983916025091
679	361	0.7825527234469614
728	691	0.8661976336017371
447	447	1.0
676	55	0.8522405614016393
154	32	0.8545159981368127
686	242	0.8783266689786342
389	262	0.7766397141598828
801	625	0.857320289775224
605	361	0.8415547123913528
207	663	0.8297467344981803
161	258	1.0
284	593	0.8414501290718184
12	591	0.8298759196246933
155	22	1.0
801	620	0.904804951228887
5	401	0.8814703800819165
309	372	0.8373938979959477
307	51	0.8457945150936084
802	612	0.9844801342784175
96	444	0.8436275119213253
20	462	0.7724466534913882
307	54	0.9862402701184088
502	672	0.8477129268570515
13	589	0.8267122164056849
155	333	0.8368167321858346
205	653	0.802066102419855
543	191	0.9717963103295914
738	507	0.8834589388409378
343	735	1.0
640	712	0.8569709474349494
389	231	0.986070759367389
682	262	0.8190766980587415
764	5	0.8450981521883956
605	330	0.8554144220745146
301	91	0.9733559106585445
32	309	0.7470550788958858
26	420	0.8287593666202637
248	199	0.8228365810515055
204	672	0.8130031142567604
301	97	0.9902044121189635
447	420	0.8695313727244162
290	457	0.8820615229684212
546	165	0.7932016785192457
728	672	0.8003676693774804
154	359	0.8598569535121322
573	685	1.0
146	492	0.852267354618818
678	357	0.8183771540692059
321	122	0.860988345095282
574	672	0.8746688618738915
277	699	0.945584509812901
585	507	0.8496053334666694
389	243	0.8592981670141364
740	451	0.9858955217711523
157	323	0.9886152930306933
444	462	0.8371121724889368
148	474	0.7860516260448915
573	690	1.0
733	585	0.81294985879973
452	331	0.8293444370385205
350	629	0.995735643358318
525	420	0.9760034612566724
625	152	0.834035337438762
34	39	0.8567239683573221
359	643	0.959458378441177
474	117	0.8430052793523845
421	740	0.8351433351485359
39	327	0.8521946164495171
196	790	0.8996736352945135
169	278	0.8564949757079153
225	483	0.8632308900890182
421	745	0.8318378317004295
653	666	0.8610168532273301
237	301	0.9006654316701062
423	721	0.8875089062906154
122	790	0.9390504063795224
41	262	0.7447833987191399
328	183	0.8525235061505638
327	199	0.8289361210300307
106	106	1.0
270	714	0.9952414980774735
698	182	0.8466874171493938
270	712	0.8994927222880538
41	250	0.7912616249966116
756	27	0.9653698547889182
372	420	0.8935149929754288
197	790	0.8044585996201544
422	740	0.8504706874096726
792	740	0.8221148670273649
105	122	0.8631328617048979
629	125	0.8434218303186362
528	404	0.8598857252227801
131	658	0.894369857059911
105	127	0.8246819685479404
131	657	0.8289640055183313
71	739	0.9960649790642444
327	165	0.7976014280231438
328	155	0.7456286490179318
127	708	0.9822123849494757
167	278	0.8536033423536368
661	509	0.8112542741613951
621	182	0.8420637779649864
39	344	0.8452320683556184
453	81	0.7544636512381682
698	152	0.8461733960947394
698	155	0.9458099363315019
699	149	0.9876095281492683
595	462	0.8221788710853679
756	344	0.8271896060817643
359	631	0.9327689150801319
168	270	0.8444467467933514
524	429	0.8123356589158037
753	31	1.0
229	420	0.8383210618331906
747	498	1.0
169	262	0.8074856037295834
229	426	0.8346127811143332
747	492	0.8032193372170736
125	740	0.8247975538762956
361	576	1.0
754	372	0.8489581446369545
130	642	0.7613288995293565
72	740	0.8503657704154691
653	653	1.0
125	747	0.9797343742883539
121	790	0.893597440590278
105	105	1.0
589	589	1.0
509	691	0.8944053525324248
236	307	0.9898866719862192
755	361	0.7664349385854919
122	740	0.8883619985209573
711	801	1.0
121	758	0.9921449006021702
750	388	0.971024481776738
711	802	0.8403697017254547
121	757	1.0
591	481	1.0
309	99	0.8626661594782149
614	281	0.847287018905867
586	586	1.0
464	237	0.8220557553836143
647	735	1.0
31	31	1.0
748	450	0.8257277306158882
586	589	0.7849269311813837
803	677	1.0
803	672	0.8774370115529267
653	620	0.913316640977905
457	361	0.8269251530959851
262	803	0.8598425651292576
27	470	1.0
609	48	0.8337544895245422
421	709	0.8422593199272611
699	122	0.8446547642870776
327	152	0.840904823923568
753	359	0.8891382823879667
122	750	0.895530622284867
32	355	1.0
518	518	1.0
620	180	0.9555812611515213
625	122	0.7837839621763092
168	250	0.9045806704795204
122	757	0.9580769940266163
328	141	0.9174823038820857
756	321	0.8109403482522078
167	269	0.8514147409703424
803	686	0.8141633298424413
229	409	0.9092765426446822
653	636	0.8941785578912415
643	790	0.9624205544962243
422	703	0.8074856037295834
130	621	1.0
492	758	0.881615406489508
694	199	0.8266932701081753
524	410	0.926499052855117
422	709	0.7832737433785047
650	634	0.971790201572748
309	72	0.8808612609980475
452	398	0.8991353925779202
678	83	0.8479709264826435
689	258	0.8274252257468977
745	462	0.8187730624529101
41	237	0.821512507415795
72	709	0.8144686722456211
450	78	0.8459599177760118
70	734	0.9946872543003378
620	150	0.8568641072041614
620	152	0.8579867860980276
32	44	0.8456329281235874
214	593	0.8168315011837118
361	525	0.9096869721901416
653	609	0.9807463121706305
623	121	0.8508817100347608
157	55	0.8234419470992345
694	165	0.8457743285369774
453	49	0.9957987392960342
157	57	0.817299401378028
593	444	0.8612624620208026
522	409	0.7928594831824568
803	657	0.7792635804776166
744	481	0.8353681080331301
33	33	1.0
327	133	0.98848928581204
756	301	0.8288849824083194
158	48	0.859186103888
745	479	0.8666920482470915
100	117	0.7844287436413628
41	229	0.8059679039605526
585	585	1.0
509	644	0.9909670199170186
609	372	0.9740217823627486
199	702	0.8841977498397493
319	270	0.8937950978897822
509	647	0.8964393504838456
646	733	0.8499958959883169
492	731	0.9745557880200967
747	450	0.810804772578834
801	686	0.8620882328941999
420	702	0.9496665798465014
621	152	0.8434382977727681
170	170	1.0
32	32	1.0
753	340	1.0
803	663	0.8363852962678435
698	122	0.8641548214878892
621	155	0.8600905288469441
130	601	1.0
593	457	0.9747383196772224
605	81	0.8433971249167043
650	650	1.0
166	262	0.6803575822076748
197	736	0.9737419622544317
243	389	0.8592981670141364
241	63	0.8756923458714883
189	154	0.8595111662398642
545	307	0.8536752446605754
281	730	0.8520221682767608
109	262	0.8640227573206698
542	344	0.8575843922705284
733	709	0.7978507251504168
47	48	0.8236268404870348
775	250	0.8328584941375945
382	455	0.9741449654086644
310	429	0.9602161489346261
433	760	0.9140760901768544
659	790	0.8546286632518645
47	47	1.0
301	574	0.892695874538394
778	217	0.8427447190293644
542	345	0.9427098838298003
251	251	1.0
115	152	0.7863142348379962
301	578	0.919064775909961
639	155	0.7543018282260182
44	84	0.9140573335496432
142	672	0.8382050208147909
403	285	0.9876722580206426
385	420	0.9121298542880112
238	492	0.81924336238383
307	509	0.838067344940846
63	121	0.8934737491894511
639	158	0.9838287266603265
13	710	0.8970130763331414
148	609	0.9604816257961313
536	462	0.7693566067755713
385	429	0.8469955838485371
733	711	0.8395263759382134
382	462	0.7926752840618504
766	67	0.9717642363569121
674	540	0.8467755449105496
146	633	0.8264704231172875
261	108	0.8163203269557132
730	756	0.8017025898796413
734	709	0.8032483097256928
732	732	1.0
701	262	0.8335802988604954
672	573	0.972243047480896
148	616	0.9928419632640174
676	525	0.8505561083938621
57	225	0.8041773372685549
84	740	0.8932067171185496
91	643	0.9899926646980222
91	642	0.8028187676340608
536	435	0.9483593814447062
189	133	0.8341688422088134
772	262	0.8442996946590465
140	672	0.8224099798352424
185	185	1.0
88	729	0.8855250163912429
433	740	0.8307808727887183
141	663	0.8572064033643441
142	650	0.8477923699082047
483	157	0.7693644410850123
544	301	0.7733116865265842
12	740	0.8476851094726982
635	182	0.8552987466044127
467	81	0.8182194328373635
534	463	0.849530984314782
142	658	0.8441892877845447
203	803	0.971158021035202
666	653	0.8610168532273301
540	357	0.8535768413394212
117	117	1.0
108	261	0.8163203269557132
81	790	0.8865106794496442
573	801	0.7809837746339634
250	250	1.0
63	128	0.9912411409288271
250	257	0.9733996969273212
113	169	1.0
140	686	0.8349137181091183
401	297	0.9820067208757083
403	270	0.8466673791549829
674	525	0.8685228570754706
775	241	0.8086468545407973
730	730	1.0
142	663	0.8579940901334964
703	217	0.7409722926218922
48	48	1.0
666	665	0.9470613995876634
666	666	1.0
413	117	0.8477089533361918
540	361	0.8439476759647292
44	99	0.9129269747086506
183	183	1.0
635	157	0.8579831339170666
242	359	0.8862926288297986
53	237	0.8343554979745941
183	189	0.9671200407087255
241	27	0.8622329689190097
108	233	0.9381700656880291
468	45	0.9810810541908008
481	152	0.844029632528725
113	137	1.0
758	492	0.881615406489508
185	165	0.8156404619109999
663	663	1.0
301	533	0.9946353452053783
140	655	0.9962036892611538
109	225	0.9584190210963516
136	743	1.0
140	657	0.779656872189377
109	229	0.8233932426080371
242	361	0.8828384468795867
51	262	0.8760274449859728
115	115	1.0
44	44	1.0
241	32	0.9753901858819168
672	525	0.8964286021327631
241	31	0.9143126611848099
479	229	0.9006602316583754
184	184	1.0
764	44	0.8421178958443892
663	676	0.9046134548728739
39	479	0.8511214768249474
663	672	0.893223250788503
619	96	0.8145737771924472
115	120	0.9567888520648482
382	426	0.8124213076802429
141	650	0.8791731220126214
629	281	0.8446873619665207
150	509	0.8740192872758926
674	509	0.8084033494384786
243	18	0.985509783595008
51	250	0.9024367588132913
402	262	0.8074856037295834
764	51	0.8405089786986472
44	32	0.8456329281235874
629	286	1.0
479	237	0.8523247488090243
237	479	0.8523247488090243
183	167	0.8514995014121558
635	133	0.8384241150973432
113	111	1.0
663	642	0.8901471857765677
113	113	1.0
130	790	0.8540077141738407
91	603	0.986025246149008
663	640	0.8887792702923699
518	691	0.8400991273594022
47	372	0.8643769265116373
168	81	0.8892491998256803
518	690	1.0
168	82	1.0
629	250	0.9089599428236155
83	740	0.9014534004481244
241	355	0.9753901858819168
761	53	0.8126191287093062
359	790	0.979679544034533
241	359	0.8825810027335375
182	182	1.0
661	672	0.8363809303734882
52	278	0.9711856338060489
243	331	0.860931309000755
83	745	0.8518379538605451
133	764	0.8459720115273064
529	529	1.0
84	719	0.9629881493476503
338	165	0.8675297390751426
525	575	0.9878698111791
55	225	0.8629926858248765
184	165	0.8250091662852471
47	361	0.8459599177760118
44	52	0.8725412075688171
236	463	0.8176478209900199
83	732	0.9839743670499748
168	93	1.0
44	51	0.8728589541412886
761	63	0.8187223798068446
169	81	0.85313304091144
81	758	0.880694071644501
534	433	0.9014973224274415
666	621	0.8557645120966269
53	250	0.8437877002397506
402	243	0.7722331481807932
635	152	0.8423673557054818
775	204	0.989908145280891
51	278	0.9033082813837477
602	586	0.8120997983305278
20	663	0.8241313839931194
714	133	0.8640992327425764
67	155	0.8501556641890207
417	152	0.8377828874315422
283	790	0.7716822293182066
67	152	0.8573459914112518
691	330	0.8788555988971357
317	426	0.7867572559827761
307	586	0.8330382335893849
152	591	0.844029632528725
554	241	0.8710585322146891
288	736	1.0
152	596	0.9073356292577244
802	802	1.0
802	801	0.8403697017254547
542	83	0.8720174303754442
18	737	0.8490760724271419
185	5	0.7448590883427736
609	507	0.8355880633800447
258	258	1.0
18	733	1.0
13	792	0.8191625850811086
738	735	0.9983176269353222
20	657	0.7842028067034745
452	542	0.916136902353745
288	740	0.8130882722290118
96	635	0.8085804949524942
635	5	0.9273791916872143
738	738	1.0
96	633	0.8172634755652669
67	143	0.9837810807040605
554	250	0.904656314226362
741	662	0.9746141643290918
709	241	0.854568588129875
694	307	0.8035202943751664
92	686	0.8394242665415489
585	725	0.7980509836216694
389	462	0.8371598957861269
20	659	0.9503860060554271
716	121	0.8364987535651542
716	122	0.8250908239704343
99	605	0.818351729549324
787	165	0.7890910106007505
737	755	0.929437524879201
738	746	1.0
803	803	1.0
259	259	1.0
5	601	1.0
789	102	0.9810467584517035
778	278	0.8427322973191301
310	481	0.7667723525050437
20	686	0.7633421538464545
151	582	0.9946716835628734
248	48	0.841951301437203
262	141	0.869108259599308
418	122	0.8602448042357181
117	191	0.9675726440816148
32	509	0.8521907869207223
545	372	0.801243622638973
158	507	0.8820043395636692
290	654	0.8835184410439942
258	237	0.8810767593214718
691	317	0.8767828610797481
5	635	0.9273791916872143
290	658	0.8383081739380549
711	152	0.8543806625980048
95	686	0.8555299881507026
744	605	0.7553582716963523
155	545	0.8687238777212141
321	321	1.0
310	497	0.9614413435234509
261	165	0.8205083088289827
151	595	0.8390234987127771
801	801	1.0
740	655	0.8862518844262283
262	151	0.8821186804348348
184	5	0.838655661283109
545	39	0.8725379610790179
785	163	0.9958914009522779
152	585	0.8434382977727681
5	621	1.0
