529	707	0.9531632702010927
463	138	0.8536903765879016
650	540	0.6030867070798468
217	462	0.9820634859115823
420	609	0.6535901961956704
39	657	0.8967533413606585
591	34	0.6655529169643294
5	382	0.8905473904190541
483	301	0.585971980815851
636	301	0.6030867070798468
631	361	0.7056825679815438
481	310	0.5684317298493936
338	338	1.0
507	560	0.7027722763978119
686	199	0.6223329772884784
481	798	1.0
165	165	1.0
741	74	0.9222838116156815
738	499	0.9703023744248485
462	142	0.6305833524471807
578	122	0.871674646325717
48	529	0.614379908239306
167	167	1.0
217	481	0.5810893541775809
131	509	0.7329605919515894
243	531	0.9249435022239483
761	127	0.6230217841258554
753	266	0.9011273932024004
753	262	0.700381749053532
165	197	0.6459223744509527
643	217	0.5518388937430624
790	627	0.7189724952217349
197	657	0.6390069762048636
402	426	0.6511039278670918
167	154	0.5433775596891345
121	658	0.7128788486427726
591	39	0.8235003658831624
29	14	0.8995110873941277
591	382	0.968453093335369
196	650	0.5959017221592747
47	550	0.9548318541694027
764	560	0.6324555320336759
196	658	0.6876560219336321
262	702	0.5968335585411494
635	761	0.6305833524471807
593	307	0.5995695367820179
507	529	0.6155075755955713
32	217	0.5703641927221214
509	509	1.0
333	361	0.8440501129682901
642	642	1.0
642	640	0.5565106481175784
372	702	0.6324555320336759
29	778	0.9646786299603094
640	650	0.6526036331462768
468	509	0.704383344040268
287	462	0.5602043370695193
640	657	0.6855710620745191
753	674	0.9259111681112906
623	462	0.6240451029341468
165	120	0.9665787581189639
92	92	1.0
452	262	0.5630411956262792
614	152	0.9061325595519807
462	127	0.6500905236411981
167	122	0.8630102165279936
725	199	0.7447086392403407
167	126	0.871674646325717
758	640	0.7204719506874667
31	241	0.6195230462056137
183	338	0.9091378208021926
631	359	0.6920272850319834
382	5	0.8905473904190541
165	154	0.5870193120038382
591	12	0.5753043472499467
402	402	1.0
361	415	0.9523212497266492
361	417	0.8444589930499622
5	23	0.9902352096975786
20	81	0.6250568084843725
741	48	0.6477690766659582
182	336	0.93177843225163
640	677	0.8341955252233204
47	507	0.608107277459544
20	88	0.8745187679758919
401	401	1.0
507	541	0.8995110873941277
361	403	0.6697795416152738
642	658	0.6482900025003876
803	534	0.7223160681686133
643	643	1.0
277	593	0.6315242985575108
574	574	1.0
463	534	0.5460135072781013
277	591	0.9459261980142291
633	744	0.9592678614562175
270	199	0.5944845534620219
633	745	0.9052573668652667
309	251	0.9774626528073208
686	125	0.6030867070798468
20	361	0.585971980815851
462	551	0.6552919979452654
732	497	0.9715930498970367
330	361	0.6511039278670918
165	556	0.6030867070798468
426	169	0.6775211722297212
151	281	0.6876560219336321
277	581	0.9390581712658189
20	20	1.0
183	741	0.5930433342645132
183	740	0.7498942093324559
686	591	0.8375280260690594
574	565	1.0
33	658	0.7652457304655288
682	165	0.6434923915366734
640	640	1.0
507	507	1.0
459	647	0.6535901961956704
741	361	0.5703641927221214
463	559	0.5740969649535853
481	744	0.8431043923193501
605	262	0.5318295896944989
591	798	0.9694973211987066
78	179	0.889587042922094
623	450	0.5307836892050525
165	579	0.8215372551229038
595	730	0.5572632052335307
574	582	0.9787470327367852
463	546	0.5328612872440329
738	429	0.6482900025003876
462	557	0.6296324740065353
333	333	1.0
725	142	0.6593006850712821
459	639	0.6434923915366734
686	130	0.7189724952217349
725	141	0.6834407486547186
154	270	0.5864972828795026
631	301	0.6795969554370174
197	5	0.8345507291062679
269	269	1.0
142	56	0.6366789194265114
718	217	0.6443095316455217
605	686	0.7780535732689645
716	241	0.6622549536735062
152	243	0.576494248500145
167	507	0.5944845534620219
158	657	0.6434923915366734
152	248	0.585971980815851
560	261	0.8263374630090867
78	595	0.5451447391473976
78	110	0.9045781482585732
676	249	0.7993591489472849
396	462	0.6109071614469253
385	154	0.5328612872440329
741	307	0.6093182696778675
199	199	1.0
420	199	0.6609029234733607
270	141	0.6147574081628753
452	650	0.6543233364213862
420	196	0.668740304976422
142	48	0.5722518825326879
714	255	0.9861879227122777
452	658	0.735888991907673
539	146	0.7410038857854466
686	558	0.7000788809727557
418	269	0.7128788486427726
259	361	0.6564888992507841
158	645	0.9324327727318484
154	691	0.5378203797290577
450	686	0.7243669896131794
154	238	0.9447404455774908
452	686	0.6013461208788474
709	39	0.7630271716247271
333	786	0.8835481816295804
333	307	0.5959017221592747
5	764	0.6957393114611784
142	81	0.6426679226822404
753	623	0.8599216803871343
155	698	0.7864217944183363
714	270	0.9629148851884612
560	270	0.6089164762976398
141	81	0.6060506529908591
29	724	0.8177654339579425
330	330	1.0
787	297	0.9531457811271964
270	236	0.6593006850712821
155	764	0.5880537241151285
712	361	0.5821993837398142
67	361	0.6902015076774105
81	590	0.6495796453447544
141	492	0.8270007715120976
602	316	0.9479765607752867
417	361	0.8444589930499622
529	48	0.614379908239306
382	262	0.5609230146504767
146	437	0.7329605919515894
389	661	0.9734012065527713
372	81	0.8380027548363328
730	559	0.6593006850712821
301	41	0.6757890602996504
199	279	0.8514763907849331
525	81	0.6535901961956704
725	640	0.7498942093324559
790	270	0.6655529169643294
658	121	0.7128788486427726
659	590	0.9905428173090829
307	307	1.0
672	361	0.6030867070798468
372	72	0.6834407486547186
546	581	0.9746635405573367
560	333	0.6920272850319834
78	686	0.7976683661673689
154	773	0.9327994314654705
450	764	0.6769472427712399
658	152	0.7038004843984218
270	255	0.9739285715110153
200	200	1.0
462	602	0.890237482716501
672	385	0.6482900025003876
657	162	0.9195243517046433
262	48	0.645387889802759
621	507	0.5849113797874445
309	309	1.0
157	764	0.7498942093324559
714	361	0.5838371433372921
200	686	0.5415692095816118
560	361	0.7487634179253376
307	333	0.5959017221592747
691	560	0.6116908849062525
686	661	0.9735520863992139
167	609	0.6655529169643294
672	393	0.8177654339579425
787	389	0.9962126750730299
605	789	0.6124676418078845
450	310	0.6286714358264547
429	204	0.8572688703166295
657	158	0.6434923915366734
657	155	0.9736576049837824
154	306	0.9211780799581593
709	450	0.9091378208021926
81	142	0.6426679226822404
686	657	0.7256727122984107
248	152	0.585971980815851
359	199	0.613237563517304
727	642	0.7711054127039704
546	546	1.0
165	5	0.6795969554370174
122	275	0.985386511843955
545	559	0.8684289358721491
657	589	0.7256727122984107
262	333	0.5816462225575831
78	635	0.784113675991159
241	186	0.9255464373596486
764	199	0.6223329772884784
704	462	0.5722518825326879
152	764	0.8689312575500717
709	401	0.7773270281790644
131	131	1.0
650	196	0.5959017221592747
385	672	0.6482900025003876
359	141	0.6412771333701497
238	262	0.8810858567646674
691	509	0.668740304976422
686	605	0.7780535732689645
450	730	0.668740304976422
691	503	0.6482900025003876
426	640	0.5549838095152887
425	658	0.7305124244926016
429	609	0.6655529169643294
674	773	0.8809341467944696
659	550	0.9481399815554042
372	372	1.0
236	270	0.6593006850712821
130	130	1.0
725	604	0.9965844467186624
307	741	0.6093182696778675
542	589	0.559479147077581
382	699	0.9901816443810012
775	492	0.6390069762048636
605	716	0.9170040432046712
243	152	0.576494248500145
650	180	0.6977776253801975
270	691	0.9629148851884612
732	504	0.9787470327367852
551	462	0.6552919979452654
155	741	0.5358751450688771
396	519	0.9665787581189639
573	605	0.6116908849062525
672	349	0.9170040432046712
789	798	0.9618522478944277
125	262	0.5397175770941632
117	53	0.6876560219336321
529	372	0.5307836892050525
78	657	0.7431224275349422
429	640	0.5534269882838012
714	325	0.9787470327367852
142	462	0.6305833524471807
5	803	0.5910827477557644
309	754	0.7159062210418834
372	60	0.7751927439444247
605	744	0.5870193120038382
657	597	0.9274872110731569
372	47	0.5870193120038382
91	426	0.6622549536735062
154	748	0.6219865625988505
647	270	0.9170040432046712
650	199	0.7421188764918929
789	789	1.0
710	13	0.6147574081628753
714	790	0.6722286329143283
529	361	0.563735028875381
262	344	0.5870193120038382
47	199	0.5651050227678692
152	779	0.956923317520722
560	310	0.613237563517304
238	270	0.5827488902101892
269	743	0.8995110873941277
199	260	0.8489070069629807
560	796	0.8305380862305862
72	257	0.8408964152537145
189	361	0.6472452017756477
55	462	0.5657813953236426
238	217	0.6280249834588628
778	420	0.8325387863159441
529	307	0.6701920952803824
525	350	0.8995110873941277
359	575	0.8995110873941277
702	447	0.8620246364801055
633	87	1.0
125	686	0.6030867070798468
764	157	0.7498942093324559
764	155	0.5880537241151285
764	152	0.8689312575500717
251	462	0.5664521547400343
524	372	0.6920272850319834
534	699	0.5387748238538156
704	427	0.7913517041455876
199	691	0.6523553530895373
529	795	0.9406021888397668
764	159	0.9274024974364307
647	691	0.9119321933790023
152	709	0.5623413251903491
509	131	0.7329605919515894
545	505	0.871674646325717
238	686	0.6240451029341468
225	55	0.6180839274663681
802	165	0.6944638731514271
758	250	0.6345918183822803
78	607	0.8874137630674416
643	262	0.5770828114419825
301	772	0.7498942093324559
650	141	0.6324555320336759
238	691	0.5348836838581175
81	525	0.6535901961956704
650	142	0.6260571795815402
56	462	0.6324555320336759
241	139	0.8963506495959023
509	141	0.6412771333701497
238	693	0.9471016361771188
507	167	0.5944845534620219
78	601	0.8972349065796721
238	238	1.0
450	709	0.9091378208021926
525	372	0.6795969554370174
309	703	0.6366789194265114
658	556	0.708511193124427
229	389	0.6574355410107103
541	109	0.6920272850319834
712	788	0.8137620087283162
507	196	0.6795969554370174
382	686	0.846080800865648
787	787	1.0
385	650	0.8889047549574188
545	545	1.0
605	703	0.9415392103851703
507	199	0.7598261872899608
560	764	0.6324555320336759
702	450	0.5747028755820678
661	462	0.5387748238538156
650	154	0.5241847198320906
790	691	0.6722286329143283
674	753	0.9259111681112906
372	350	0.6722286329143283
250	480	0.81280594695911
196	250	0.6722286329143283
657	558	0.8137620087283162
658	540	0.701733428882002
270	647	0.9170040432046712
109	483	0.5900851248105728
141	420	0.6286714358264547
635	78	0.784113675991159
307	725	0.993268522523049
595	78	0.5451447391473976
189	35	0.871674646325717
48	142	0.5722518825326879
450	702	0.5747028755820678
372	359	0.668740304976422
199	640	0.7913517041455876
167	183	0.7711054127039704
189	321	0.8995110873941277
199	643	0.7598261872899608
250	432	0.9809094915062311
640	269	0.6004624280888846
29	29	1.0
169	169	1.0
72	624	0.9170040432046712
590	81	0.6495796453447544
262	738	0.6710119085610571
502	196	0.696842048778448
229	791	0.8325387863159441
640	250	0.6579053068575388
225	13	0.7000788809727557
525	781	0.9170040432046712
189	318	0.8325387863159441
344	262	0.5870193120038382
712	712	1.0
401	462	0.5460135072781013
507	121	0.6017845808122511
196	674	0.5338791888406775
761	165	0.7903179238728671
560	714	0.6116908849062525
802	154	0.6604479117221291
481	382	0.9951044332966607
702	420	0.6390069762048636
262	753	0.700381749053532
152	703	0.5747028755820678
372	328	0.6795969554370174
468	145	0.8408964152537145
659	507	0.6173554791017901
657	510	0.9550734920727739
199	650	0.7421188764918929
540	540	1.0
122	203	0.927041858890907
525	328	0.9381427059852853
199	658	0.7215823759566253
199	657	0.6821762656900224
420	658	0.6286714358264547
344	285	0.8917795292374964
701	426	0.7498942093324559
338	55	0.9793414308174049
262	741	0.9529357368276049
109	445	0.7864217944183363
714	714	1.0
507	142	0.6954219841765791
790	650	0.6047928230925936
197	686	0.5995695367820179
71	663	0.6876560219336321
130	559	0.9774626528073208
196	217	0.6195230462056137
631	81	0.6324555320336759
72	653	0.784113675991159
34	591	0.6655529169643294
639	639	1.0
509	420	0.6920272850319834
642	560	0.6390069762048636
635	205	0.985386511843955
509	425	0.6030867070798468
372	621	0.6991647327875302
250	758	0.6345918183822803
702	725	0.7389460298272287
704	704	1.0
703	716	0.8917795292374964
328	372	0.6795969554370174
3	298	0.7547507380816415
39	545	0.7944601461577689
486	614	0.5935264669730922
609	148	0.7530348357670543
703	703	1.0
631	247	0.8309500713729159
642	556	0.6286714358264547
229	635	0.6511039278670918
507	447	0.8910248587933689
764	425	0.9696990234822654
635	229	0.6511039278670918
778	724	0.8408964152537145
109	772	0.7993591489472849
344	131	0.6834407486547186
199	507	0.7598261872899608
361	333	0.8440501129682901
663	738	0.6622549536735062
41	492	0.7410038857854466
372	643	0.6072904701509274
217	20	0.6939813260982215
217	26	0.5722518825326879
420	507	0.5900851248105728
764	450	0.6769472427712399
753	142	0.9244245019256859
420	509	0.6920272850319834
372	640	0.5977553207443889
468	468	1.0
643	576	0.8893316141594022
402	305	0.895026291153211
585	372	0.6511039278670918
704	708	0.7913517041455876
802	462	0.5602043370695193
609	167	0.6655529169643294
591	262	0.563735028875381
772	301	0.7498942093324559
481	217	0.5810893541775809
585	34	0.9462762240272912
229	657	0.6195230462056137
481	699	0.9916473533807632
56	761	0.9195243517046433
643	507	0.5690809995478997
29	650	0.6072904701509274
481	640	0.6004624280888846
167	465	0.8325387863159441
741	262	0.9529357368276049
20	276	0.8846142040667466
585	324	0.9646786299603094
621	372	0.6991647327875302
591	697	0.5616353038698604
591	699	0.9743790130426512
452	152	0.9490623276815439
758	509	0.6459223744509527
29	658	0.6482900025003876
396	61	0.9698230021445035
155	158	0.6412771333701497
614	486	0.5935264669730922
26	217	0.5722518825326879
152	199	0.5609230146504767
250	702	0.7554651292661144
450	165	0.6250568084843725
591	686	0.8375280260690594
169	439	0.9011273932024004
39	507	0.555750899179449
462	462	1.0
802	408	0.8812070932207169
204	497	0.9646786299603094
640	560	0.6926829274238643
121	507	0.6017845808122511
732	81	0.6550507711960534
452	165	0.5690809995478997
338	203	0.9091378208021926
333	262	0.5816462225575831
559	298	0.6286714358264547
450	197	0.9078653964817709
158	158	1.0
158	155	0.6412771333701497
269	195	0.8963506495959023
702	702	1.0
196	502	0.696842048778448
738	366	0.9757068125424417
196	507	0.6795969554370174
463	463	1.0
452	154	0.5169473007748264
741	270	0.6407148539112952
701	701	1.0
183	203	0.9724924724660731
591	229	0.5664521547400343
481	657	0.7721797072315915
627	790	0.7189724952217349
225	668	0.6017845808122511
154	196	0.5415692095816118
574	451	0.9609796664489271
401	709	0.7773270281790644
462	429	0.652851253759565
674	180	0.6216387920739759
287	310	0.8677222506928298
462	425	0.6226780474196193
169	402	0.9144342932279086
640	507	0.7986375940473865
180	674	0.6216387920739759
165	450	0.6250568084843725
154	142	0.8389466028535767
633	633	1.0
204	462	0.666198983498455
165	452	0.5690809995478997
92	276	0.9804222533300307
277	462	0.5387748238538156
180	658	0.7711054127039704
789	165	0.5677772270416123
396	369	0.7711054127039704
307	142	0.6593006850712821
146	262	0.5433775596891345
741	691	0.6184459099203177
152	152	1.0
147	250	0.5849113797874445
732	361	0.5703641927221214
344	507	0.5870193120038382
659	92	0.9905428173090829
3	699	0.8692983390941966
165	440	0.9724924724660731
12	389	0.5810893541775809
361	702	0.6779019096813609
514	745	0.5753043472499467
450	155	0.7128788486427726
169	426	0.6775211722297212
591	678	0.6602195804079635
154	165	0.5870193120038382
642	507	0.6004624280888846
154	167	0.5433775596891345
621	357	0.6757890602996504
165	456	0.9629148851884612
463	420	0.5870193120038382
714	199	0.6523553530895373
333	691	0.6212896542914228
674	196	0.5338791888406775
741	239	0.9170040432046712
5	699	0.8911369444506821
738	790	0.6564888992507841
154	154	1.0
633	640	0.5328612872440329
396	396	1.0
200	462	0.9731140830247246
558	686	0.7000788809727557
165	401	0.6876560219336321
738	738	1.0
452	542	0.969077460046702
307	593	0.5995695367820179
389	462	0.5348836838581175
635	5	0.7973027703017764
674	142	0.8977944555276135
429	462	0.652851253759565
259	259	1.0
787	165	0.6845117064279559
738	725	0.5995695367820179
802	802	1.0
657	78	0.7431224275349422
691	333	0.6212896542914228
142	270	0.5630411956262792
5	635	0.7973027703017764
609	507	0.7810542891757951
262	165	0.5849113797874445
260	190	0.9208890618397009
20	217	0.6939813260982215
155	585	0.6390069762048636
558	226	0.8248553040478455
591	635	0.6336824341001126
659	81	0.6459223744509527
631	631	1.0
180	650	0.6977776253801975
81	72	0.6564888992507841
287	780	0.8453941921173137
204	429	0.8572688703166295
452	557	0.9628334347759829
678	589	0.7128788486427726
623	753	0.8599216803871343
686	450	0.7243669896131794
182	614	0.9363522291681079
12	12	1.0
725	462	0.5493950745403833
674	154	0.8846142040667466
319	420	0.6795969554370174
560	152	0.6545664439118322
5	657	0.6757890602996504
605	573	0.6116908849062525
217	718	0.6443095316455217
81	81	1.0
259	268	0.8177654339579425
452	560	0.6109071614469253
309	100	0.8408964152537145
678	591	0.6602195804079635
155	640	0.6848661007688605
270	593	0.9834471059156332
744	709	0.7773270281790644
741	741	1.0
5	702	0.5565106481175784
197	197	1.0
269	658	0.6267179298072044
450	657	0.7148633744255936
260	260	1.0
129	589	0.6030867070798468
709	310	0.6004624280888846
141	361	0.6613557529024814
196	196	1.0
5	709	0.9646786299603094
714	691	1.0
12	427	0.9900476422780152
560	691	0.6116908849062525
269	640	0.6004624280888846
333	717	0.8846142040667466
250	81	0.6345918183822803
546	463	0.5328612872440329
560	217	0.5534269882838012
122	196	0.8646816701021308
309	640	0.5510326920166181
154	650	0.5241847198320906
676	676	1.0
787	231	0.9548836697639724
672	268	0.871674646325717
259	349	0.8408964152537145
142	31	0.8586569424582612
262	270	0.6569634136701952
730	450	0.668740304976422
217	802	0.5630411956262792
602	217	0.8907161133136625
452	648	0.9603837909822135
182	703	0.6017845808122511
787	262	0.5651050227678692
663	71	0.6876560219336321
702	81	0.7735457478112927
154	686	0.5740969649535853
452	631	0.5747028755820678
204	507	0.5810893541775809
602	200	0.8957307185550004
20	309	0.6593006850712821
262	262	1.0
301	270	0.6535901961956704
5	730	0.613237563517304
560	232	0.8472830313819817
147	793	0.871674646325717
142	372	0.5644229354442437
141	388	0.8177654339579425
560	238	0.5770828114419825
309	665	0.7128788486427726
319	507	0.780630531785515
676	217	0.5753043472499467
605	658	0.6030867070798468
546	481	0.9679829622854508
702	361	0.6779019096813609
647	148	0.5995695367820179
262	691	0.6395798221672606
382	581	0.9797170617918353
658	452	0.735888991907673
125	125	1.0
643	199	0.7598261872899608
639	284	0.9764029385159798
125	127	0.9891870085092893
152	648	0.9748130586607877
529	239	0.969512847191364
56	377	0.9078653964817709
741	707	0.9217763279999731
605	605	1.0
790	128	0.9588155775768458
142	307	0.6593006850712821
657	450	0.7148633744255936
525	262	0.5433775596891345
55	397	0.9108312511415659
81	447	0.8055995258557623
525	264	0.8995110873941277
672	672	1.0
372	250	0.6535901961956704
196	154	0.5415692095816118
790	598	0.9170040432046712
55	55	1.0
674	658	0.5753043472499467
643	184	0.8792223740300158
262	200	0.6257249651451701
250	41	0.668740304976422
117	251	0.6920272850319834
260	250	0.5782474837716209
789	675	0.970795477557717
39	199	0.7379018673553026
402	91	0.9170040432046712
155	621	0.6286714358264547
420	141	0.6286714358264547
657	481	0.7721797072315915
674	686	0.5977553207443889
559	730	0.6593006850712821
703	374	0.9027748213389314
659	462	0.7143379312776367
602	657	0.5703641927221214
623	802	0.6116908849062525
307	658	0.6482900025003876
307	659	0.5810893541775809
152	666	0.6448502886017469
725	511	0.993071808379093
238	165	0.5832947933237561
141	359	0.6412771333701497
711	241	0.6267179298072044
262	238	0.8810858567646674
778	29	0.9646786299603094
262	239	0.9064064022359822
122	183	0.8963506495959023
702	372	0.6324555320336759
310	560	0.613237563517304
122	167	0.8630102165279936
270	560	0.6089164762976398
56	56	1.0
674	674	1.0
307	640	0.7417147817290325
778	14	0.9170040432046712
301	237	0.701733428882002
197	165	0.6459223744509527
307	642	0.6305833524471807
307	643	0.7005328399650098
152	659	0.5630411956262792
450	623	0.5307836892050525
152	658	0.7038004843984218
238	154	0.9447404455774908
199	141	0.640149098964025
545	450	0.878512512377174
385	507	0.6593006850712821
712	640	0.6708076119450844
105	50	0.7523040851018608
425	509	0.6030867070798468
229	242	0.7159062210418834
196	122	0.8646816701021308
250	359	0.696842048778448
674	623	0.8492605957640954
243	462	0.608107277459544
789	605	0.6124676418078845
778	778	1.0
270	503	0.6434923915366734
130	450	0.9809094915062311
270	509	0.6622549536735062
142	753	0.9244245019256859
640	180	0.8281760685792039
403	361	0.6697795416152738
237	589	0.6305833524471807
197	585	0.9724924724660731
703	309	0.6366789194265114
450	5	0.9002435482237406
260	690	0.8837561697610181
39	154	0.5230262708253536
540	477	0.784113675991159
81	410	0.8469236151499038
39	155	0.8947270920837613
39	158	0.5925574305977788
525	250	0.7128788486427726
361	67	0.6902015076774105
250	372	0.6535901961956704
534	591	0.5397175770941632
709	744	0.7773270281790644
251	363	0.7256727122984107
152	621	0.5821993837398142
539	539	1.0
560	640	0.6926829274238643
787	661	0.9778287357314809
152	628	0.9607647875142544
560	642	0.6390069762048636
640	199	0.7913517041455876
122	122	1.0
658	425	0.7305124244926016
712	658	0.6147574081628753
602	602	1.0
701	349	0.8177654339579425
260	685	0.8934957475337293
39	162	0.9752308574050025
643	165	0.6060506529908591
307	604	0.9965844467186624
152	614	0.9061325595519807
372	238	0.5838371433372921
509	468	0.704383344040268
525	674	0.5378203797290577
48	429	0.701733428882002
509	462	0.5690809995478997
183	275	0.9170040432046712
34	152	0.5900851248105728
766	443	0.861812410906066
229	686	0.6769472427712399
189	689	0.81280594695911
241	462	0.5651050227678692
589	361	0.8271896060817643
328	81	0.6535901961956704
764	470	0.9286675520686185
251	309	0.9774626528073208
593	277	0.6315242985575108
483	225	0.8201933504991196
243	423	0.8589471765151838
585	391	0.9793414308174049
39	589	0.7212135625828093
650	452	0.6543233364213862
344	145	0.8792223740300158
593	262	0.6552919979452654
217	32	0.5703641927221214
109	301	0.7128788486427726
764	462	0.5935264669730922
217	36	0.9673851591253727
141	725	0.6834407486547186
540	436	0.871674646325717
39	597	0.9515978740065268
259	701	0.9170040432046712
122	578	0.871674646325717
589	39	0.7212135625828093
758	121	0.6564888992507841
585	81	0.6324555320336759
39	591	0.8235003658831624
481	262	0.5623413251903491
217	64	0.9432058129319549
229	229	1.0
238	560	0.5770828114419825
560	603	0.8263374630090867
639	223	1.0
672	611	0.8177654339579425
661	787	0.9778287357314809
766	459	0.802725681794383
640	155	0.6848661007688605
142	725	0.6593006850712821
361	361	1.0
250	328	0.784113675991159
593	284	0.6195230462056137
301	631	0.6795969554370174
55	338	0.9793414308174049
301	636	0.6030867070798468
766	766	1.0
589	678	0.7128788486427726
48	741	0.6477690766659582
741	183	0.5930433342645132
169	361	0.8381749177414194
509	307	0.6250568084843725
738	262	0.6710119085610571
657	709	0.6848661007688605
650	790	0.6047928230925936
142	5	0.5460135072781013
5	142	0.5460135072781013
372	509	0.668740304976422
105	686	0.5880537241151285
740	183	0.7498942093324559
328	250	0.784113675991159
44	321	0.7547507380816415
639	507	0.5838371433372921
507	319	0.780630531785515
462	36	0.9680771164244178
359	726	0.9563949075714981
650	778	0.6089164762976398
217	217	1.0
401	661	0.9625398132547811
621	288	0.969077460046702
803	790	0.6722286329143283
5	152	0.5572632052335307
250	629	0.6593006850712821
241	775	0.6345918183822803
640	481	0.6004624280888846
540	750	0.7711054127039704
361	690	0.9740488318863277
462	64	0.9414248232853245
481	581	0.9840779039817431
591	152	0.5451447391473976
196	420	0.668740304976422
44	335	0.7547507380816415
468	344	0.8285963327212625
5	165	0.6795969554370174
372	524	0.6920272850319834
372	525	0.6795969554370174
287	287	1.0
479	636	0.6116908849062525
462	56	0.6324555320336759
250	640	0.6579053068575388
350	372	0.6722286329143283
47	307	0.5703641927221214
525	525	1.0
217	238	0.6280249834588628
658	703	0.6638082853578614
738	270	0.9724924724660731
81	702	0.7735457478112927
319	81	0.7382162028484626
401	686	0.9889440080617165
703	605	0.9415392103851703
534	803	0.7223160681686133
650	742	1.0
589	636	0.8035954105238209
41	301	0.6757890602996504
702	5	0.5565106481175784
590	100	0.6060506529908591
361	631	0.7056825679815438
631	574	0.8177654339579425
633	556	0.5740969649535853
642	409	0.9724924724660731
790	803	0.6722286329143283
330	169	0.6162513970963379
623	217	0.608107277459544
558	155	0.8099442429118433
574	361	0.7005328399650098
344	420	0.6593006850712821
217	659	0.7048182836843366
738	691	0.9482669504299693
631	565	0.8177654339579425
217	200	0.9782521935007817
650	764	0.5644229354442437
243	733	0.8572688703166295
589	657	0.7256727122984107
686	78	0.7976683661673689
640	447	0.8111948018054888
591	591	1.0
462	20	0.7071067811865476
217	204	0.6695725958784102
753	462	0.6097182169357942
481	546	0.9679829622854508
34	452	0.5770828114419825
361	658	0.6866190816412836
169	330	0.6162513970963379
217	676	0.5753043472499467
298	559	0.6286714358264547
509	758	0.6459223744509527
204	48	0.6535901961956704
725	81	0.5959017221592747
225	540	0.6834407486547186
361	643	0.8230126537820298
225	541	0.9194118592682944
741	155	0.5358751450688771
5	130	0.9057082053074589
623	241	0.6384305127789257
764	764	1.0
559	591	0.829894363156197
396	258	0.7563515197226289
468	713	0.8235003658831624
691	262	0.6395798221672606
333	560	0.6920272850319834
217	623	0.608107277459544
147	147	1.0
426	75	0.784113675991159
389	389	1.0
591	534	0.5397175770941632
623	670	0.8637791107024834
738	663	0.6622549536735062
623	658	0.6633670691228927
452	452	1.0
558	110	0.808070467384033
539	77	0.7256727122984107
12	262	0.5387748238538156
146	146	1.0
609	420	0.6535901961956704
709	152	0.5623413251903491
142	199	0.6305833524471807
691	255	0.9861879227122777
609	429	0.6655529169643294
330	598	0.7071067811865476
200	36	0.965047928244392
217	640	0.5977553207443889
463	315	0.8120031715402733
623	686	0.5218495774963797
241	716	0.6622549536735062
463	795	0.8114109187907151
686	382	0.846080800865648
426	91	0.6622549536735062
591	559	0.829894363156197
200	64	0.9353581554768857
169	305	0.9402948023311704
725	54	0.9897792565737962
429	48	0.701733428882002
725	39	0.5690809995478997
623	674	0.8492605957640954
78	78	1.0
333	576	0.8846142040667466
691	270	0.9629148851884612
509	712	0.7671806770745353
3	591	0.8824730791508416
344	403	0.8832504599230729
241	711	0.6267179298072044
401	605	0.784113675991159
556	165	0.6030867070798468
802	748	0.9536694788386044
623	623	1.0
20	550	0.8691316183740381
72	81	0.6564888992507841
158	413	0.8826529005001035
155	450	0.7128788486427726
309	452	0.5753043472499467
602	462	0.890237482716501
659	276	0.9905428173090829
146	584	0.696842048778448
277	789	0.9603837909822135
691	691	1.0
614	764	0.8982191459296825
92	590	1.0
703	182	0.6017845808122511
558	558	1.0
702	199	0.7647565982364611
666	152	0.6448502886017469
142	154	0.8389466028535767
620	653	0.8177654339579425
204	775	0.9444983118098628
165	761	0.7903179238728671
154	452	0.5169473007748264
385	385	1.0
165	787	0.6845117064279559
389	12	0.5810893541775809
507	702	0.9035907080906115
745	514	0.5753043472499467
141	199	0.640149098964025
13	225	0.7000788809727557
623	650	0.7298346613313134
463	741	0.8157549151420477
557	589	0.5534269882838012
733	686	0.6089164762976398
732	219	0.985386511843955
574	301	0.6655529169643294
452	438	0.9637429369150203
158	424	0.8477208735076623
725	344	0.610116336153065
704	197	0.7071067811865476
631	509	0.6920272850319834
401	5	0.815076963895977
81	357	0.6482900025003876
81	359	0.6459223744509527
661	297	0.9740488318863277
182	6	0.9282050990309623
47	92	0.9207777317464305
141	250	0.7572306977789357
81	350	0.6482900025003876
605	521	0.9148311480420754
686	401	0.9889440080617165
152	560	0.6545664439118322
429	429	1.0
130	81	0.6072904701509274
732	775	0.9635323375534224
658	33	0.7652457304655288
658	361	0.6866190816412836
154	525	0.5460135072781013
702	270	0.5770828114419825
556	658	0.708511193124427
372	172	0.8758220661332768
591	3	0.8824730791508416
330	629	0.9100840233918139
243	89	0.9170040432046712
141	245	0.8177654339579425
425	462	0.6226780474196193
148	647	0.5995695367820179
298	3	0.7547507380816415
131	85	0.7410038857854466
270	499	0.9736576049837824
20	659	0.8766415672790969
92	686	0.5747028755820678
155	545	0.7547507380816415
78	450	0.871674646325717
789	591	0.9641954444352078
545	39	0.7944601461577689
146	692	0.7498942093324559
151	595	0.5526369341599737
81	372	0.8380027548363328
141	270	0.6147574081628753
744	605	0.5870193120038382
691	325	0.9787470327367852
142	262	0.6691573562205851
142	266	0.9618522478944277
359	81	0.6459223744509527
310	481	0.5684317298493936
789	581	0.9696680114724572
691	790	0.6722286329143283
5	607	0.9152268014106553
147	671	0.8960814831822785
558	657	0.8137620087283162
668	225	0.6017845808122511
136	361	0.7174508244896552
262	142	0.6691573562205851
158	507	0.5910827477557644
633	3	1.0
154	551	0.9529357368276049
148	609	0.7530348357670543
165	802	0.6944638731514271
525	154	0.5460135072781013
382	462	0.5776672022437759
766	67	0.797485714886424
650	81	0.6345918183822803
141	691	0.6180839274663681
674	540	0.5358751450688771
701	259	0.9170040432046712
790	489	0.9505857659480886
691	741	0.6184459099203177
307	511	0.993071808379093
732	732	1.0
81	319	0.7382162028484626
556	633	0.5740969649535853
48	47	0.5982124963893166
127	462	0.6500905236411981
301	109	0.7128788486427726
243	389	0.6240451029341468
357	44	0.701733428882002
56	262	0.5776672022437759
109	262	0.5424786591546907
702	236	0.6448502886017469
251	251	1.0
426	402	0.6511039278670918
766	59	0.802725681794383
301	574	0.6655529169643294
81	328	0.6535901961956704
359	372	0.668740304976422
653	41	0.696842048778448
385	420	0.6250568084843725
142	674	0.8977944555276135
691	738	0.9482669504299693
307	509	0.6250568084843725
702	262	0.5968335585411494
310	450	0.6286714358264547
189	183	0.6920272850319834
426	433	0.808070467384033
712	582	0.8442547262802941
189	189	1.0
714	560	0.6116908849062525
382	481	0.9951044332966607
560	560	1.0
262	593	0.6552919979452654
716	546	0.6991647327875302
357	81	0.6482900025003876
152	546	0.5821993837398142
5	5	1.0
259	672	0.8177654339579425
258	689	0.6722286329143283
546	798	0.9679829622854508
702	250	0.7554651292661144
701	262	0.5433775596891345
420	492	0.6795969554370174
47	81	0.6324555320336759
426	426	1.0
147	630	0.871674646325717
709	657	0.6848661007688605
142	691	0.5644229354442437
556	642	0.6286714358264547
92	659	0.9905428173090829
676	535	0.7498942093324559
307	529	0.6701920952803824
241	31	0.6195230462056137
420	447	0.6017845808122511
481	165	0.5664521547400343
47	361	0.5572632052335307
141	650	0.6324555320336759
629	281	0.6162513970963379
109	236	0.9646786299603094
402	262	0.5328612872440329
241	386	0.9255464373596486
130	346	0.9743790130426512
372	585	0.6511039278670918
55	225	0.6180839274663681
238	462	0.6089164762976398
81	758	0.7711054127039704
691	702	0.6324555320336759
183	183	1.0
546	733	0.5616353038698604
122	465	0.9505857659480886
229	591	0.5664521547400343
661	686	0.9735520863992139
778	650	0.6089164762976398
122	462	0.5684317298493936
702	677	0.8560876406629344
229	599	0.7735457478112927
183	189	0.6920272850319834
778	658	0.6511039278670918
658	764	0.7355676192915171
481	152	0.5424786591546907
47	372	0.5870193120038382
361	269	0.7439184927756787
169	91	0.9087476325188574
647	459	0.6535901961956704
12	708	0.9900476422780152
105	271	0.8177654339579425
802	65	0.9708877394990398
338	183	0.9091378208021926
359	359	1.0
661	231	0.9761811479935245
133	327	0.8177654339579425
250	250	1.0
109	253	0.9774626528073208
701	237	0.808070467384033
72	446	0.8285963327212625
659	307	0.5810893541775809
401	297	0.9838119122848112
44	76	0.7711054127039704
674	525	0.5378203797290577
775	241	0.6345918183822803
658	319	0.7625279705211517
359	361	0.6523553530895373
540	361	0.5968335585411494
702	691	0.6324555320336759
47	47	1.0
359	344	0.6795969554370174
338	196	0.9235767512977848
47	48	0.5982124963893166
560	507	0.7027722763978119
241	48	0.7547507380816415
250	245	0.8477208735076623
13	710	0.6147574081628753
142	650	0.6260571795815402
359	350	0.9035907080906115
131	344	0.6834407486547186
691	714	1.0
199	460	0.8425665519226356
534	463	0.5460135072781013
39	450	0.7854771364539669
509	341	0.8325387863159441
183	153	0.9381427059852853
529	507	0.6155075755955713
702	642	0.5944845534620219
701	658	0.6459223744509527
546	703	0.7055390344269283
661	657	0.7140741917751113
401	231	0.9863394013722336
251	665	0.7256727122984107
468	361	0.6286714358264547
44	357	0.701733428882002
802	31	0.6089164762976398
639	563	0.9262321562731931
105	229	0.6180839274663681
182	159	0.9195243517046433
635	591	0.6336824341001126
589	229	0.6609029234733607
636	589	0.8035954105238209
492	420	0.6795969554370174
333	199	0.7976683661673689
507	361	0.6381409091487943
643	462	0.5493950745403833
642	479	1.0
589	237	0.6305833524471807
5	197	0.8345507291062679
409	636	0.610116336153065
199	420	0.6609029234733607
420	420	1.0
701	672	0.7993591489472849
529	529	1.0
81	732	0.6550507711960534
229	589	0.6609029234733607
229	105	0.6180839274663681
507	47	0.608107277459544
712	501	0.8593090064054709
703	658	0.6638082853578614
196	462	0.5644229354442437
650	29	0.6072904701509274
748	165	0.6482900025003876
197	450	0.9078653964817709
712	509	0.7671806770745353
595	151	0.5526369341599737
55	203	0.8995110873941277
169	81	0.5910827477557644
639	104	0.8500816513994678
509	372	0.668740304976422
125	427	0.9891870085092893
350	81	0.6482900025003876
483	109	0.5900851248105728
661	661	1.0
703	640	0.5935264669730922
183	167	0.7711054127039704
642	493	0.8285963327212625
238	429	0.5397175770941632
546	716	0.6991647327875302
507	385	0.6593006850712821
44	44	1.0
748	154	0.6219865625988505
56	686	0.5770828114419825
182	182	1.0
629	250	0.6593006850712821
167	262	0.5415692095816118
168	250	0.6834407486547186
589	557	0.5534269882838012
338	462	0.5644229354442437
199	725	0.7447086392403407
361	555	0.9715930498970367
802	217	0.5630411956262792
621	175	0.9787470327367852
344	359	0.6795969554370174
642	320	0.9724924724660731
545	4	0.8821427389826216
635	430	0.6593006850712821
197	736	0.9381427059852853
183	462	0.5677772270416123
199	710	0.9147378788166111
121	758	0.6564888992507841
650	650	1.0
344	344	1.0
199	714	0.6523553530895373
238	725	0.6622549536735062
591	481	0.9694973211987066
586	589	0.6412771333701497
653	620	0.8177654339579425
643	307	0.7005328399650098
764	669	0.9190060867932685
39	307	0.5690809995478997
250	507	0.5910827477557644
790	714	0.6722286329143283
204	299	0.9747233670656286
39	793	0.9646786299603094
640	361	0.6655529169643294
359	631	0.6920272850319834
481	462	0.5793959633094566
229	424	0.8137620087283162
243	657	0.6195230462056137
509	689	0.7993591489472849
47	659	0.92608245871058
169	262	0.5275564125014254
41	250	0.668740304976422
643	333	0.8830117757456383
702	507	0.9035907080906115
492	775	0.6390069762048636
361	574	0.7005328399650098
589	586	0.6412771333701497
44	214	0.7913517041455876
509	691	0.668740304976422
105	105	1.0
167	275	0.8550446226116473
242	657	0.6564888992507841
229	413	0.8302626326130097
250	525	0.7128788486427726
698	155	0.7864217944183363
361	560	0.7487634179253376
105	570	0.7215823759566253
790	738	0.6564888992507841
503	270	0.6434923915366734
764	686	0.652851253759565
650	623	0.7298346613313134
197	704	0.7071067811865476
277	277	1.0
503	691	0.6482900025003876
640	307	0.7417147817290325
697	591	0.5616353038698604
631	452	0.5747028755820678
241	623	0.6384305127789257
5	461	0.9831236010809589
165	238	0.5832947933237561
44	640	0.5510326920166181
462	217	0.9820634859115823
389	297	0.956650844933908
167	217	0.5703641927221214
574	247	0.9601347437780972
344	307	0.610116336153065
158	365	0.8995110873941277
698	573	0.6212896542914228
452	34	0.5770828114419825
29	420	0.8248553040478455
507	640	0.7986375940473865
507	642	0.6004624280888846
327	133	0.8177654339579425
182	462	0.5510326920166181
585	585	1.0
509	644	0.8111948018054888
650	640	0.6526036331462768
287	135	0.8684289358721491
534	702	0.5451447391473976
199	702	0.7647565982364611
420	702	0.6390069762048636
657	5	0.6757890602996504
764	650	0.5644229354442437
621	155	0.6286714358264547
621	152	0.5821993837398142
507	677	0.8881327733089629
589	542	0.559479147077581
764	658	0.7355676192915171
39	758	0.5770828114419825
225	433	0.6250568084843725
125	708	0.9891870085092893
357	621	0.6757890602996504
642	307	0.6305833524471807
269	91	0.902467528423322
509	631	0.6920272850319834
450	78	0.871674646325717
507	659	0.6173554791017901
689	258	0.6722286329143283
158	39	0.5925574305977788
238	707	0.9597686545826455
686	297	0.9948065733062501
631	462	0.5644229354442437
738	593	0.9793414308174049
636	409	0.610116336153065
691	199	0.6523553530895373
165	262	0.5849113797874445
744	481	0.8431043923193501
269	81	0.6305833524471807
100	590	0.6060506529908591
307	47	0.5703641927221214
507	609	0.7810542891757951
204	217	0.6695725958784102
309	20	0.6593006850712821
200	262	0.6257249651451701
691	141	0.6180839274663681
686	242	0.701733428882002
389	262	0.5657813953236426
463	658	0.5722518825326879
802	612	1.0
154	39	0.5230262708253536
284	593	0.6195230462056137
674	81	0.575901449065324
154	385	0.5328612872440329
699	534	0.5387748238538156
560	81	0.6004624280888846
462	674	0.6505986069609184
281	151	0.6876560219336321
698	546	0.6771389311551275
642	727	0.7711054127039704
631	416	0.8263374630090867
307	54	0.9965844467186624
462	659	0.7143379312776367
573	698	0.6212896542914228
307	39	0.5690809995478997
659	199	0.5747028755820678
686	231	0.9973760277462791
307	385	0.6459223744509527
559	463	0.5740969649535853
686	238	0.6240451029341468
39	709	0.7630271716247271
269	361	0.7439184927756787
165	682	0.6434923915366734
753	753	1.0
545	199	0.5982124963893166
462	204	0.666198983498455
650	603	0.9119321933790023
130	5	0.9057082053074589
130	4	0.9757068125424417
573	250	0.6434923915366734
236	702	0.6448502886017469
764	614	0.8982191459296825
330	489	0.7071067811865476
676	62	0.8177654339579425
643	717	0.8893316141594022
450	39	0.7854771364539669
640	758	0.7204719506874667
41	653	0.696842048778448
761	635	0.6305833524471807
802	623	0.6116908849062525
605	374	0.9333272749803436
169	657	0.5959017221592747
155	39	0.8947270920837613
462	200	0.9731140830247246
39	725	0.5690809995478997
5	450	0.9002435482237406
165	643	0.6060506529908591
330	434	0.7128788486427726
462	623	0.6240451029341468
640	702	0.8228170011259026
452	309	0.5753043472499467
574	658	0.6212896542914228
277	675	0.9416154144435058
803	5	0.5910827477557644
686	686	1.0
730	595	0.5572632052335307
344	713	0.8509745790901058
546	152	0.5821993837398142
557	462	0.6296324740065353
621	537	0.9774626528073208
676	369	0.7598261872899608
389	229	0.6574355410107103
262	74	0.9097693874040638
319	658	0.7625279705211517
529	74	0.9651921673916674
262	56	0.5776672022437759
205	635	0.985386511843955
733	546	0.5616353038698604
270	262	0.6569634136701952
200	217	0.9782521935007817
659	152	0.5630411956262792
307	344	0.610116336153065
539	262	0.5415692095816118
429	219	0.8469236151499038
270	270	1.0
385	262	0.5307836892050525
545	155	0.7547507380816415
658	196	0.6876560219336321
152	34	0.5900851248105728
12	591	0.5753043472499467
447	420	0.6017845808122511
558	462	0.5684317298493936
640	725	0.7498942093324559
712	81	0.6180839274663681
81	172	0.8881327733089629
658	199	0.7215823759566253
623	528	0.8667396804672552
5	401	0.815076963895977
269	353	0.9228989911626926
725	238	0.6622549536735062
585	507	0.5900851248105728
389	243	0.6240451029341468
204	204	1.0
602	38	0.9552286050397033
686	229	0.6769472427712399
642	702	0.5944845534620219
657	199	0.6821762656900224
657	197	0.6390069762048636
78	262	0.5338791888406775
658	180	0.7711054127039704
20	462	0.7071067811865476
640	712	0.6708076119450844
389	231	0.9584459426009672
344	725	0.610116336153065
333	417	0.8970745858333149
385	281	0.9251376029163276
546	165	0.5534269882838012
429	238	0.5397175770941632
12	125	0.9793414308174049
12	127	0.9900476422780152
764	5	0.6957393114611784
81	235	0.6920272850319834
238	74	0.9479765607752867
714	462	0.5602043370695193
674	462	0.6505986069609184
382	382	1.0
703	152	0.5747028755820678
250	196	0.6722286329143283
389	787	0.9962126750730299
605	401	0.784113675991159
