165	391	0.9304683002738017
330	183	0.8743716927478424
31	492	0.8430135418823864
166	39	0.7991611755944565
463	14	0.9162407095947022
462	29	0.8787351618084084
699	237	0.7203031067079846
623	250	0.8363721981061597
422	801	0.8291914834313786
650	764	0.7711054127039704
319	48	0.8057696930195456
359	712	0.8741763907332597
327	250	0.874965325932903
686	78	0.8347589189163921
595	540	0.8139945213179514
182	109	0.7003076311369859
514	669	0.9550752165192865
625	225	0.837216271505345
620	283	0.8250379931051277
524	507	0.8177654339579425
591	591	1.0
459	446	0.8907245435882187
621	288	0.9677362884982422
169	359	0.804584657096261
653	740	0.8270527311112211
525	509	0.8882273788899511
803	790	0.7743498500735955
463	372	0.826009170605572
180	148	0.9277368012205711
327	270	0.842280103573017
625	230	0.9316779518346127
468	309	0.8704987691850374
594	569	0.8204733552281226
100	243	0.7615899618708567
754	459	0.8289779453006787
592	592	1.0
625	237	0.8643457171240516
462	36	0.978325073936313
32	462	0.8168057379357548
359	726	0.9687203548841029
464	357	0.830803751561919
459	459	1.0
333	155	0.8500933406285649
509	778	0.9049509025485154
333	154	0.8825780061033665
319	372	0.810020751220596
556	190	0.93036060957288
457	457	1.0
802	775	0.859055837534646
357	725	0.8681938212972733
694	270	0.8320100614613879
33	483	0.908245983691135
650	742	1.0
559	151	0.786837617975157
594	535	0.8161753450780554
298	540	0.7695131869677077
558	165	0.8266458910621619
756	408	0.9410256134071251
620	262	0.8654161913325075
509	747	0.8804901039804564
354	751	0.9228025100301741
225	540	0.8359303865030653
421	802	0.8970424976036774
225	541	0.9752278775672889
361	643	0.9014430636873605
168	347	0.9078752321369414
421	801	0.847287018905867
747	566	0.936880053694512
361	640	0.8512450426743956
522	522	1.0
457	462	0.8002785147628948
590	590	1.0
39	402	0.8404541312975907
167	359	0.8309774862692199
169	330	0.8093028658030211
591	581	0.949157820298074
298	559	0.874585853491492
359	704	0.8745219633412247
236	420	0.8355309139723612
531	426	0.6920798966795321
468	344	0.920617250692422
464	48	0.8214481389432345
756	463	0.8273781393767276
44	333	0.8343199670257633
761	361	0.7946477179624272
756	462	0.8378087751571774
105	217	0.845069726622771
361	690	1.0
133	723	0.9093908159852647
520	593	0.8310140296186649
689	83	0.6289608279045737
467	361	0.7519276410501188
185	121	0.8020895152814476
180	180	1.0
636	109	0.7859437112036187
185	122	0.8530265922108791
463	69	0.8607493297152462
467	360	1.0
629	232	0.902467528423322
39	426	0.848453693509824
633	146	0.7687674358938325
762	24	0.932069192760774
524	559	0.785103834570272
243	301	0.7833497340437564
183	142	0.802346741544365
661	642	0.7454880763275489
182	152	0.9314644355727222
761	372	0.7394963093397582
595	595	1.0
333	190	0.9425284043911677
333	199	0.9047495472456235
243	307	0.773869594913162
593	593	1.0
698	262	0.7988846386614384
51	237	0.860710043949621
758	421	0.8128912495769363
167	49	0.9738984901687953
81	712	0.8457985520002582
44	357	0.8460485771950403
623	274	0.9200383398194495
180	154	0.8432611545762163
51	230	0.9104943249207778
462	396	0.8714979893004009
614	78	0.7673164478588362
41	41	1.0
48	309	0.9050062203171424
524	524	1.0
657	703	0.8626134128288064
462	48	0.8675331190501654
657	702	0.8527867420924141
762	330	0.771835538623701
559	198	0.9981366428332497
52	217	0.7640681127401817
699	262	0.7851514147679955
463	48	0.8595255934988467
229	539	0.7999271637602777
51	225	0.8492409789575321
357	778	0.8860275555069789
242	301	0.8666648216059939
81	702	0.8438164294683831
655	740	0.8801972741100433
180	165	0.7651236524831221
168	48	0.8498124880892188
594	594	1.0
464	39	0.816656198815042
319	81	0.8113191183072451
595	578	0.7856802333931047
625	250	0.8563840187758832
589	689	0.8485405455610068
328	270	0.8410602782508801
241	309	0.8981873428687
633	117	0.7498942093324559
698	270	0.7949097989161245
697	285	0.7265770286325324
183	122	0.9475762555128998
657	712	0.8541396949210934
47	309	0.8792931399871388
525	525	1.0
359	747	0.8774931904938194
47	307	0.8598281750607852
131	790	0.8321368080939546
250	218	0.9007771811227847
236	463	0.8592439556958535
762	52	0.9321836845240186
168	91	0.8175044799596913
105	262	0.860337993157426
44	32	0.8203584342341727
658	758	0.8807944119122604
372	560	0.8620458389341222
761	63	0.7516513560032295
115	108	0.897269616325457
169	81	0.8312011379452383
639	104	0.9630792680678669
433	715	0.883241517410662
629	262	0.8256273948165149
81	738	0.8419763053118993
106	250	0.8379812170551861
525	575	0.9739315792875575
243	331	0.767690941429875
529	529	1.0
534	425	0.9679876715152126
529	526	0.9479311310961199
661	672	0.686589541453676
338	165	0.7905124796949543
184	165	0.7588817095340512
658	753	0.8799588466906846
44	29	0.8718412592685554
48	327	0.8825780061033665
140	657	0.7917818064488312
169	91	0.9447050838926695
401	262	0.7625696580799898
185	165	0.7844766111476315
109	225	0.8532925398421942
775	219	0.9774054572424892
242	361	0.7925226164975494
115	115	1.0
237	464	0.8193492980563466
251	218	0.9272435132181434
81	728	0.8599755934098697
301	539	0.8522864890218048
661	686	0.9700876351232702
183	183	1.0
242	359	0.82528273685353
229	599	0.9200652183407233
663	663	1.0
481	152	0.7685624500894962
659	725	0.8140895062612665
44	53	0.9006446303621118
468	361	0.8053381131858196
401	231	0.9959094114901047
467	374	0.9290719263029072
181	181	1.0
53	250	0.8418262040330458
185	132	0.9408360994494879
48	350	0.8745666898767492
709	5	0.9710137316490242
81	758	0.8566575307518569
55	225	0.8086579107669861
629	243	0.7800345529677477
528	528	1.0
359	781	0.9527657138409763
44	51	0.8198775432676597
359	778	0.9020618057373225
529	507	0.8530075737259688
629	237	0.9013293045219835
81	753	0.8618301103487369
474	243	0.7227634982604245
772	217	0.7593807315518979
167	81	0.8375755837800818
178	258	0.8358251608083986
133	747	0.8777581403341861
661	658	0.7705798088066174
133	748	0.8614543361779067
661	657	0.7794139103895384
761	56	0.8927760879025227
44	44	1.0
518	691	0.8138941751900293
108	217	0.8328315097866823
761	53	0.7677625072917723
168	82	0.9723221819530535
241	359	0.8734952505410816
182	182	1.0
629	250	0.8069538740812138
51	262	0.8695845762236553
41	73	0.9179861333697594
540	301	0.8267832379642733
524	578	0.840559584841645
666	605	0.7664992881062467
635	133	0.819661502337469
238	420	0.8997836317012972
661	661	1.0
540	309	0.8158484751573815
627	270	0.890586779112014
130	790	0.7254672633004887
83	719	0.8689312575500717
183	167	0.8480462380827676
57	225	0.7821066966253725
401	297	0.9916977168466996
242	392	0.8850469234573716
141	670	0.9089379957807739
140	686	0.7374812899108957
730	730	1.0
109	258	0.8309866231612377
540	361	0.8251340316179141
666	666	1.0
403	270	0.8268210986739272
117	117	1.0
540	359	0.8328719840183886
481	182	0.7634248928964038
108	262	0.8435452814032586
672	540	0.8204733552281226
109	253	0.9228310231689912
540	10	0.8941129036026699
250	250	1.0
541	344	0.821804198400515
108	267	0.8958333492251614
573	801	0.8233250224227319
115	154	0.8196966989621782
52	278	0.7818690187302867
12	708	0.9900060758345722
115	152	0.7054671909288543
602	509	0.8294138961802519
775	250	0.8661702979760761
672	560	0.8416717378010242
385	420	0.7749844826842653
403	285	0.9121798173850677
117	133	0.8434177131034183
704	217	0.8634581560267728
142	674	0.9706200105867034
238	492	0.8534973037218726
639	155	0.8083867281077654
701	246	0.892610073388885
189	154	0.8291311747145438
545	307	0.7592604880226181
635	197	0.9769190825259131
413	117	0.7691605673134587
468	81	0.8040910987150744
702	236	0.8534101315192772
251	251	1.0
109	262	0.8545159981368127
250	262	0.8824340840297684
150	509	0.8535881996221768
402	262	0.8121051641264512
301	544	0.8862053033320793
109	236	0.9370259744353902
250	238	0.8810797918755974
83	770	0.8248504926144331
479	237	0.8805357971237143
237	479	0.8805357971237143
48	48	1.0
117	100	0.8564358112001155
141	657	0.8469556065232202
629	283	0.7943161308793808
241	31	0.8393731792207338
479	229	0.8167954310436545
56	250	0.8107884928295284
619	96	0.8464387110569124
486	109	0.8004804988518006
481	165	0.8610417924239666
382	420	0.7791775864406887
184	184	1.0
13	710	0.8424254886671793
105	294	0.9163974178405989
433	743	0.8877795296598647
433	740	0.7933281557231662
63	121	0.8181328501126877
539	409	0.8215817878495861
142	657	0.8432900095960181
666	653	0.7506228732434478
142	658	0.8761788933088737
534	463	0.7424691903353802
544	301	0.8862053033320793
483	157	0.8503579951806365
467	78	0.9411154912368994
657	793	0.9295876507573868
47	47	1.0
772	262	0.7891041333569058
248	307	0.7888216568596432
47	48	0.8633707956025628
140	672	0.8177654339579425
185	185	1.0
241	48	0.8750321722182219
663	681	0.8793454196481572
701	225	0.893319654524318
152	423	0.7641667339960146
278	728	0.8516649992157548
283	620	0.8250379931051277
531	81	0.7108780460172549
235	96	0.8221739489343934
248	248	1.0
544	237	0.7771008307765341
283	629	0.7943161308793808
540	281	0.822257597461646
531	89	0.9609747114939107
479	178	0.8746848187041469
727	727	1.0
623	5	0.8019372460922606
727	725	0.832737016331527
53	188	0.905788190139215
542	258	0.6845684958858862
426	797	0.9170040432046712
307	426	0.861173529963367
699	3	0.8736884034665289
727	740	0.8241701056034534
409	129	0.8286056549951747
290	509	0.8477089533361918
55	157	0.7911263715327657
56	142	0.8594101279326272
706	105	0.8683685203875339
281	650	1.0
204	725	0.8596301404635601
200	776	0.9036008741023988
728	728	1.0
702	155	0.8456733451318256
758	81	0.8566575307518569
136	672	0.7957110014608578
674	426	0.8294971934386599
433	653	0.7929863427465679
573	709	0.7456120632860354
540	262	0.8315290066521419
429	747	0.8804017168082704
425	790	0.6813362978603581
544	218	0.9513304873088503
281	621	0.7345390705144575
310	310	1.0
281	620	0.7613541910278845
20	519	0.8594570489157797
150	426	0.8658143841441651
150	420	0.8735950835452078
310	314	0.9182566264772327
402	195	0.9366154132642489
725	747	0.8661053516520306
278	714	0.8224247160325807
697	5	0.9131254957135826
251	154	0.8583623791587115
136	685	0.9012853251865605
238	48	0.8520106630407666
13	635	0.762602996644955
235	81	0.8362061636471753
148	502	0.7579376306140988
725	748	0.8613939636126214
409	109	0.8412197249649582
237	51	0.860710043949621
672	457	0.8329483978007477
77	790	0.825167626619741
20	509	0.8160768617488484
666	569	0.8114486978680753
703	123	0.9420318682776926
251	152	0.65086676905476
238	44	0.8541773774996624
659	691	0.839738825050271
281	636	0.9724924724660731
258	122	0.8180105063777471
627	5	0.7458771256229887
676	462	0.799921199340061
605	420	0.8536525432485681
96	520	0.8092863733712625
704	165	0.8431291578221961
258	129	0.8391984664596855
385	372	0.8513067785460409
546	250	0.7638870753422515
741	526	0.9583634787694129
733	658	0.8038319938842977
150	482	0.9072121166840412
733	657	0.8003617278988832
205	740	0.8290522631078666
778	165	0.8381362026661472
155	420	0.852611314688831
155	426	0.8553621950991003
447	507	0.919053491578647
545	270	0.7371573541189052
12	668	0.8565171550246742
13	653	0.9093713723013578
385	39	0.8615111303733072
350	716	0.8407196970777028
204	775	0.9432679110725196
687	302	0.9021954757665186
385	385	1.0
502	735	0.8484181451804425
146	580	0.9178928088963001
55	196	0.9519547497525593
602	462	0.8489738749688303
551	154	0.9725729836661787
283	672	0.7200418463178445
277	789	0.9511389206460922
740	544	0.9080275894926638
554	121	0.7569764712846969
536	71	0.8817150153590086
96	503	0.8173814760360565
702	199	0.8698402998796068
703	182	0.7421440813378177
212	605	0.8883562729342193
605	401	0.8550483635616358
539	357	0.835442938341118
536	48	0.8168469564026313
248	262	0.8020895152814476
99	509	0.8103099324915715
95	558	0.856169216259431
3	524	0.7763827078050138
154	420	0.8782088256353948
258	109	0.8309866231612377
741	507	0.8638069803885602
539	359	0.8319421058424082
150	462	0.8378432834168565
573	740	0.8929280782707172
151	451	0.9896623496149993
740	511	0.9371697675850935
95	549	0.8995032169557735
382	382	1.0
238	74	0.9483050178974071
545	250	0.7669887138744156
248	270	0.78895969894626
152	452	0.8838896957018586
701	194	0.8937265015569561
285	635	0.7990891000873941
385	361	0.8780939769751731
733	647	0.8043783091753461
733	646	0.8780256387018854
281	676	0.7182563173779436
778	154	0.875153041374913
733	642	0.8108807145037226
200	790	0.8318332959659316
450	418	0.8002666222263464
95	538	0.9091597341034118
574	740	0.8975629385831309
737	653	0.8782770642185921
259	152	0.7819040030932788
258	168	0.8893316141594022
319	319	1.0
452	450	0.8111948018054888
539	71	0.8931984494801355
26	507	0.7857140471798119
744	524	0.7561571370584161
155	463	0.8424545446209492
574	790	0.8089339731190678
507	702	0.9442706826711745
447	541	0.9184971011190555
26	509	0.8344487163549839
740	574	0.8975629385831309
740	573	0.8929280782707172
258	178	0.8358251608083986
609	429	0.8655364708494295
259	165	0.7559712631033741
747	509	0.8804901039804564
350	758	0.8557682310736797
285	697	0.7265770286325324
605	479	0.8593451307991389
165	317	0.8462015631785653
330	109	0.8338035741986016
772	2	0.9598885732099011
170	213	0.9087012196729409
330	104	0.8852377907302127
502	772	0.8312011379452383
678	487	0.8928755929807599
578	756	0.8022649594314256
452	452	1.0
444	593	0.8284657437357628
585	635	0.984792186650016
92	590	0.9978437977552027
734	698	0.7439809302747585
158	413	0.9393529044347333
147	589	0.9397184813106605
450	452	0.8111948018054888
450	450	1.0
554	135	0.915581868627666
317	317	1.0
283	686	0.7562101852073735
203	790	0.8203884244894045
389	344	0.7716208458512415
307	478	0.9873391980888393
678	462	0.8379122701038254
728	782	0.897576255481418
18	663	0.7571606259951184
95	594	0.7179453047419689
502	746	0.8452766740925041
277	790	0.7344881363761923
152	481	0.7685624500894962
452	426	0.7394963093397582
288	621	0.9677362884982422
389	357	0.7752150344370604
204	790	0.8337589526035799
157	435	0.9141487466711651
586	602	0.7908489178611793
158	420	0.8189856900926136
213	642	0.8017143341147125
605	450	0.872151023722256
704	196	0.8320055322953726
728	794	0.8691249448868156
319	309	0.8081537779167898
401	5	0.8909856054849045
158	429	0.8348518225407969
95	580	0.8954033714131433
691	238	0.8657801076329134
679	452	0.7329968817300652
602	483	0.8136032103730753
678	464	0.8217449301112543
52	5	0.8018434412842478
157	433	0.8356978892464221
453	426	0.8184432319570235
557	109	0.7484075808163635
452	438	0.9869162813660015
169	305	0.9676670779626094
591	559	0.9103231210958237
686	389	0.9864920922169154
331	131	0.8495035810364499
753	426	0.8321413322608766
319	359	0.8479273036204455
169	309	0.8128699297963912
559	130	0.9971517676721282
327	211	0.9554213886077231
321	281	0.7392282637801171
503	790	0.8210065114936123
333	101	0.9383302033176926
614	357	0.733236298789463
686	382	0.8854313001177258
609	457	0.8339908025866487
157	483	0.8503579951806365
34	407	0.9865649403413889
803	756	0.8239569789659016
96	590	0.8375064026771016
738	691	0.9567019749359182
697	225	0.7956552865534388
319	361	0.8459276618545494
29	509	0.905229764609804
34	409	0.7996106196693958
225	525	0.8284237380863608
694	262	0.8592873266656029
3	578	0.7661771616095127
331	141	0.8904770231205553
327	221	0.973232026541932
745	564	0.8788432516911703
298	534	0.7884329168496217
321	298	0.7830870017382955
520	520	1.0
620	250	0.8634371951671288
354	740	0.7399449770548836
755	406	0.9074294201624146
747	513	0.9366588976179413
591	534	0.8293768563720632
586	635	0.794297332796309
167	309	0.8298620850928593
687	350	0.8071612603935425
389	389	1.0
330	122	0.8450534804368827
748	507	0.8103044829232833
502	790	0.7711054127039704
447	570	0.9198747102753662
396	262	0.8653646071253315
738	663	0.8471833005660377
385	81	0.8153225249891197
453	453	1.0
121	803	0.894153941487397
694	225	0.9023444058943946
691	262	0.8579612185456894
41	301	0.8470275562015629
709	165	0.8597021899956373
168	307	0.8620387718550462
802	748	0.9834091678338962
34	426	0.8170116848383839
350	775	0.8698104372509942
492	801	0.8532963348931515
591	546	0.949157820298074
34	420	0.854741224494801
744	560	0.7410130562283901
350	778	0.9301719406210944
507	741	0.8638069803885602
593	520	0.8310140296186649
556	165	0.7840862368827646
589	605	0.8517457419775709
558	131	0.8259424489606016
389	48	0.7324898861886938
646	802	0.7603719428974534
213	681	0.9737690662306295
691	270	0.9709784039338831
321	278	0.800735439467641
3	591	0.922281609391423
509	712	0.8691249448868156
745	544	0.809440211323935
100	14	0.9312176441732835
269	199	0.8408964152537145
100	18	0.769199803193675
105	301	0.8748379006910233
620	61	0.8863333601259524
468	420	0.924283587670227
531	509	0.6959703222802327
464	464	1.0
621	44	0.8102717801248202
182	225	0.7534890466806592
328	361	0.7887558630530264
459	560	0.7975588105388024
718	199	0.8240539025450642
697	23	0.9131254957135826
166	498	0.9678651793880951
761	448	0.9499981328219045
169	462	0.7838733555621139
625	344	0.9105063730384644
747	691	0.8668620792487189
621	48	0.8029698711735407
559	298	0.874585853491492
327	48	0.8825780061033665
100	29	0.9289044595440489
180	269	0.8131999474062236
328	39	0.8027315018734994
29	663	0.8180716942548049
589	793	0.9458985257329718
764	425	0.9804897078673099
594	691	0.7215160868772644
29	667	0.9363106264121025
298	698	0.7747609100227814
105	309	0.8861936553801306
698	22	0.9395309815822014
621	53	0.8006110045797262
167	492	0.8500933406285649
468	426	0.8378691580841015
629	301	0.795741942391514
758	530	0.9195715698153897
625	357	0.8779728063417126
697	357	0.7593549762996081
591	697	0.8738908928483949
594	663	0.7253679350763323
593	679	0.8639044747536022
623	350	0.8403105656762263
67	5	0.7444524850823404
361	758	0.8569451669497039
620	39	0.819485360337046
34	593	0.7997540690498289
691	77	0.8710421044939936
34	591	0.8566427619402632
520	651	0.9548802160032737
783	8	0.9338187235754184
51	307	0.8513067785460409
756	524	0.8342355385463376
514	764	0.9664153237031322
745	698	0.8766541331848818
229	614	0.7760661396559363
41	462	0.8065323482343439
225	668	0.8648890195920262
467	426	0.8001476287665567
298	676	0.7773488938158333
396	81	0.8193896292964579
623	359	0.849315505954424
755	544	0.9087256495550292
463	463	1.0
183	203	0.9930009244641089
269	180	0.8131999474062236
399	399	1.0
756	535	0.9300868483181676
108	309	0.8679279412574288
633	251	0.7550102519032773
372	642	0.8626837366789426
663	738	0.8471833005660377
41	492	0.8511639667502572
764	450	0.8347323617248436
229	668	0.8086026190512186
344	138	0.9215860698225661
627	361	0.774820573565513
468	468	1.0
770	342	0.837216271505345
183	250	0.8113191183072451
53	307	0.868964673485015
243	413	0.7706030501937926
770	336	0.8747613831380711
108	301	0.8632098905659965
525	657	0.8321775193992526
53	301	0.8509745790901058
643	101	0.9314644355727222
474	18	0.7643473085663817
41	481	0.7505204124730434
185	241	0.8531292407727277
627	372	0.7908747562642601
479	301	0.8404034806795256
250	309	0.8826199524460976
141	725	0.8912685191211281
372	658	0.8695313727244162
698	69	0.7927769482086392
243	420	0.7780028694586735
327	81	0.8168881603153308
789	5	0.9360329435055437
185	213	0.9526674594545465
663	714	0.8518878728039151
235	530	0.9730338847828807
51	359	0.8919020899525808
51	357	0.8582968244518817
417	5	0.7632013532243764
180	279	0.9225456138586862
182	250	0.6464564303696525
241	426	0.8256369542850117
185	217	0.8380027548363328
241	420	0.8766541331848818
236	524	0.8328719840183886
522	676	0.7459705198197849
48	429	0.8733792151172362
697	48	0.7151786535882688
401	309	0.7429364841665373
48	421	0.9043812631851309
623	44	0.8095664252851134
635	205	0.939928864876304
51	344	0.9096554466732424
699	382	0.9803863600168489
481	217	0.76586217285385
467	462	0.8116697284293666
418	5	0.7983053503577981
522	680	0.97122090879546
229	657	0.7895494007267462
632	250	0.8213738237290585
627	359	0.8393816952858053
467	467	1.0
474	333	0.7403681732650612
402	305	0.9557684006422085
698	41	0.7947538712356279
47	426	0.8140842313547728
631	262	0.8552352651450771
625	379	0.9316779518346127
531	531	1.0
698	48	0.7861324941716096
772	301	0.7995926758245858
756	578	0.8022649594314256
238	507	0.8908930319034255
640	113	0.9321755098046631
47	429	0.8580196508306065
185	278	0.7792349231792435
402	361	0.860456169743208
57	301	0.769614844622484
702	307	0.8457420230296335
663	777	0.8768644249062174
51	379	0.9104943249207778
666	740	0.7546252316514145
639	223	0.9992919980484155
237	573	0.8284284061170607
540	436	0.9259839937186835
666	733	0.7790484706885324
766	464	0.8995032169557735
281	803	0.8408964152537145
140	760	0.9253120501396677
109	330	0.8338035741986016
52	359	0.7488590546967047
636	258	0.7567832103492564
629	34	0.787218554900728
481	262	0.7763680037262785
105	39	0.822856157716233
100	96	0.8198022254082684
235	590	0.8148885236854937
640	169	0.9170040432046712
115	233	0.9281398053758373
474	56	0.7186080835729037
629	48	0.7714518648452252
372	694	0.8345462955839212
544	406	0.9862017002313122
237	589	0.8581546689002555
483	258	0.7920314134534614
703	309	0.7937130418297689
401	389	0.9827428812437171
142	753	0.9869162813660015
121	121	1.0
636	261	0.9741254436610373
772	361	0.7614300302566319
39	589	0.9523546789225478
534	557	0.993608849045455
642	154	0.8615395176456694
629	44	0.7930116976200952
108	359	0.8408964152537145
106	34	0.9071972872623195
642	150	0.861315790416548
122	108	0.8418554050680553
536	536	1.0
122	109	0.8502918855837956
105	361	0.8015850812419996
241	462	0.8589036851513034
328	81	0.8168315011837118
301	620	0.8592547998749958
251	309	0.9380918802855558
534	534	1.0
56	333	0.8435617319962689
474	370	0.8227827284061144
483	225	0.8907470215902266
401	359	0.7614721403248483
382	509	0.7625196310946536
343	165	0.762168797331091
183	275	0.9706384912533423
105	359	0.8614472350602438
183	270	0.8318967805004666
534	524	0.6947954673145407
666	712	0.7583023790435576
766	443	0.9672400382419312
534	525	0.7149498132433474
642	121	0.8536979418475482
344	154	0.8624550372759265
141	740	0.8824790773297823
542	409	0.7539413490227345
250	327	0.874965325932903
528	652	0.918578671593662
48	462	0.8675331190501654
55	338	0.996607490228876
766	462	0.7779448939087543
479	320	0.9760716012703723
242	462	0.8146735390374136
701	301	0.7823787060115656
661	787	0.9932645909117315
640	155	0.8554069624445038
640	154	0.8734598067196166
142	725	0.8734307997390017
338	275	0.9517446244571466
345	152	0.786448668230397
100	81	0.8179390800045427
185	262	0.8279513158390054
53	357	0.8440542086387978
481	250	0.7785377147819753
534	591	0.8293768563720632
790	105	0.838655661283109
638	278	0.7704712840704645
115	267	0.9061450195210478
529	691	0.8595400190628832
403	48	0.8372639532902624
152	628	0.9111433319386221
409	320	0.977326224685152
539	539	1.0
53	48	0.8309043658046108
545	420	0.7742224855699494
56	359	0.7894251646796906
148	710	0.9430739947863579
544	433	0.7736211458118183
250	31	0.8679178333028654
121	154	0.8379424392814963
52	52	1.0
413	229	0.9568177988408981
627	98	0.9943651117706988
674	642	0.8450778488959263
403	45	0.9160307031150883
734	801	0.7852804593733981
141	790	0.8379510576501651
674	640	0.8824280837096079
542	452	0.9804165110180265
150	642	0.861315790416548
551	306	0.9754437507904165
539	544	0.8743332968009064
307	626	0.9912238577097068
150	658	0.8351080382045583
674	658	0.8902713275466366
196	154	0.8446262340918907
674	657	0.8425541118129909
711	210	0.887506024211427
117	251	0.8611236999166576
109	40	0.8954304566698447
55	357	0.8196966989621782
413	243	0.7706030501937926
57	330	0.7640845558050033
105	81	0.8238017350407876
678	602	0.8352315318498111
545	429	0.753016627387765
778	331	0.87152090342977
52	44	0.7423897665386543
672	672	1.0
545	426	0.7523499028246752
702	359	0.8327415177221903
542	464	0.7516144642333451
51	51	1.0
150	657	0.8459115306646585
542	462	0.7105819469100552
602	621	0.8175198463445815
775	344	0.8436398416611446
643	155	0.8543881851769319
63	250	0.7913838578831089
542	438	0.9724924724660731
196	122	0.9836632978660189
479	357	0.8191221755112422
53	66	0.9706523501371124
704	309	0.8832295930748164
56	377	0.9091305155467595
109	12	0.8290383320708735
106	391	0.9104943249207778
627	81	0.8113515267806689
703	319	0.9165079225922271
385	507	0.8698237104163927
672	642	0.8197168065703654
666	758	0.7697242170806069
778	309	0.9049609620853418
402	39	0.8404541312975907
56	24	0.892610073388885
541	445	0.9643099515078584
646	116	0.9070835386186311
150	620	0.8722974858671132
663	790	0.8406480943062492
57	357	0.7584063676780154
544	421	0.9974129458399094
63	241	0.786220035646488
772	44	0.7579811175206925
483	274	0.9283923765593589
178	83	0.6471637348840823
775	350	0.8698104372509942
640	199	0.8990037710675983
248	426	0.7724237976732697
56	361	0.7942847990106159
646	121	0.796991088511247
122	122	1.0
53	53	1.0
647	117	0.8323266750258642
602	605	0.8318967805004666
91	740	0.8494017432202178
646	129	0.8692950068724781
602	602	1.0
479	13	0.8393944682495096
151	559	0.786837617975157
212	703	0.8924909632285113
389	401	0.9827428812437171
433	797	0.9344812287569484
13	740	0.7768814903616623
639	183	0.8700656969928062
146	657	0.8247879260953205
711	121	0.887506024211427
605	507	0.8712784547048942
413	158	0.9393529044347333
152	546	0.7830870017382955
544	357	0.8827157774339718
676	543	0.8469516080641163
242	81	0.8068640778394573
309	509	0.8788092906121739
702	262	0.8474145503632029
733	733	1.0
189	189	1.0
668	672	0.7796497338145065
248	359	0.7908101491731853
91	658	0.8334729778247588
283	740	0.8356847154759534
712	108	0.8406986418701272
382	481	1.0
775	299	0.9519547497525593
539	464	0.8359829646002337
151	565	0.9718543301173976
541	53	0.8329169392449943
243	89	0.9048905288837333
710	148	0.9430739947863579
148	647	0.7917689912313003
12	740	0.8937539445126741
189	199	0.8438164294683831
310	463	0.7661610303753502
702	270	0.8206579920351148
56	262	0.8173147947715816
248	27	0.8368384806215315
703	262	0.8307122099943794
734	734	1.0
733	747	0.8223116912545163
730	756	0.74185942261631
146	633	0.7687674358938325
18	709	0.7463975325343783
734	709	0.7591573159386009
151	534	0.7332516555112966
540	33	0.896991674801916
95	633	0.7876580337636601
307	511	0.9940252918831748
732	732	1.0
62	186	0.851032586242934
96	619	0.8464387110569124
668	653	0.8137143919957545
281	742	1.0
733	711	0.822679850244306
536	462	0.8001535813822783
108	280	0.889725894138611
243	399	0.8699298447313707
385	426	0.8107722107917436
542	357	0.7320181633266842
382	462	0.7642980905671412
251	262	0.8815126967059043
47	92	0.966159470045619
734	703	0.7604229671530452
141	691	0.887603978170145
674	540	0.846510968757142
702	243	0.8281292802917286
142	691	0.8288338216918418
13	758	0.9114283514164673
540	394	0.9000399245424444
92	659	0.978301756331726
666	698	0.7547148940075067
285	713	0.9159914337496807
92	657	0.7774654378916266
732	740	0.8689312575500717
307	529	0.8856303642791191
704	238	0.8806423499563413
180	5	0.7629690491882195
702	250	0.8471154366386847
260	121	0.8372682870555591
88	740	0.8443569029043029
117	146	0.8584861091809473
701	262	0.7816378466889702
154	503	0.8874195313564058
483	190	0.9284659526369773
251	270	0.8617167899202723
47	81	0.7952707287670506
301	593	0.8539133547218595
668	668	1.0
486	157	0.7732058186694246
560	121	0.8408964152537145
409	281	0.8359040887710398
18	728	0.8436562793523259
262	154	0.9177173612713773
157	525	0.8209269411745599
740	655	0.8801972741100433
450	558	0.8207327620309357
450	559	0.9981075120464011
801	801	1.0
99	602	0.8675195985969528
737	737	1.0
88	776	0.9233672363064764
17	734	0.8589834075469054
99	605	0.8116858848654782
691	328	0.8524012323367696
148	677	1.0
605	546	0.874435659776931
20	658	0.7705023020575668
321	321	1.0
20	657	0.7676591193838904
290	658	0.8555560685992012
290	657	0.8596157254832764
92	686	0.7468267006961234
212	740	0.8707427403838571
96	633	0.7641009963932199
714	122	0.8414166431838399
151	595	0.8597201957760703
545	39	0.7524872389227181
261	165	0.739202354618938
15	750	0.9222309480712729
287	735	0.9244310020317599
96	635	0.7982387853234824
744	605	0.8428647295351386
290	670	0.9290363572937906
258	256	0.9057257062148057
542	83	0.7444524850823404
152	594	0.7913838578831089
317	426	0.8189097960069863
546	383	0.9807047712988033
260	190	0.9580078108103952
258	258	1.0
802	801	0.8301660725283703
802	802	1.0
92	672	0.7705023020575668
417	155	0.8328315097866823
714	133	0.8536563271107126
545	48	0.7333295013886393
287	746	0.9054103270943304
745	602	0.7964082197081335
417	152	0.7334226211423454
91	686	0.7665957415386608
283	790	0.8324530847508763
605	521	0.9278783087230404
444	643	0.8998124247357857
5	623	0.8019372460922606
686	401	0.9957717016066671
152	560	0.7876580337636601
711	143	0.9270312369954422
732	775	0.9515058531862058
546	350	0.7514390550087777
691	309	0.8674181481522705
67	165	0.741748177922806
409	262	0.8516649992157548
539	479	0.8159731051304093
578	803	0.7968747532889667
778	262	0.9012723872285293
151	574	0.9718543301173976
541	79	0.9346338030419352
262	146	0.8870469381105884
117	191	0.9637316051524036
453	509	0.8484023425756626
154	551	0.9725729836661787
737	728	0.8690982473504015
3	633	1.0
633	3	1.0
711	152	0.7611685833083996
67	155	0.7938200727695366
444	658	0.9109009340481516
18	733	0.8447973141694001
396	309	0.8768926461691902
310	486	0.9170040432046712
602	562	0.8674350623283678
678	544	0.8878830199077996
396	303	0.8926765051307332
310	481	0.7878505965802297
453	500	0.9678997394377108
545	23	0.9463700242811593
96	649	0.8771807661439203
20	663	0.7904346975876836
151	582	0.9689839844097663
540	81	0.8788833756716824
592	621	0.8101299611312777
591	635	0.8760021857714404
213	777	0.9687500187733254
691	366	0.9780771252230356
33	509	0.8144213440268967
614	438	0.9255378433344223
396	361	0.7720039330235011
605	589	0.8517457419775709
457	509	0.8245855607402551
99	642	0.7960693996035155
689	420	0.897826356124962
396	359	0.8693283250668377
417	189	0.9308238877334936
268	121	0.7900905175272848
745	635	0.8074688496996113
709	262	0.7887361174175037
548	53	0.8257325063829133
697	301	0.7487008763837266
5	635	0.9202688684493928
590	659	0.9807749538732393
605	592	0.8562322147037832
27	606	0.8677728619906663
462	420	0.864151347924561
748	612	0.9834091678338962
165	440	0.9975643372532803
592	635	0.8069875296465768
584	764	0.7054254982215971
32	503	0.8915480136675168
679	593	0.8639044747536022
32	502	0.7804889207802242
327	307	0.8917014746213233
217	738	0.8378993381282338
741	691	0.8567608625602969
586	740	0.8283490245425781
559	225	0.7968747532889667
584	767	0.9659684627107167
20	686	0.7297053868816192
716	121	0.8440910634145652
560	142	0.8249755260816349
418	154	0.7610418507041979
620	301	0.8592547998749958
803	803	1.0
740	678	0.876949069629202
592	605	0.8562322147037832
259	259	1.0
34	512	0.9694538391575146
710	199	0.9296272390216287
787	165	0.8400102120698838
737	755	0.8828593785239458
738	738	1.0
452	542	0.9804165110180265
157	541	0.8537697884186051
585	725	0.8099387760963941
26	642	0.7824135311783361
554	250	0.7688540456057626
217	704	0.8634581560267728
563	104	0.9686641321767012
288	740	0.8261520186511392
694	307	0.8404921052435811
635	5	0.9202688684493928
586	728	0.8949039761590912
319	420	0.8587114136709106
285	792	0.6626456817400175
418	165	0.8384627372230443
605	573	0.8521716374695911
452	560	0.7984685727333305
99	657	0.7811740617217213
396	355	0.8922551850100654
99	658	0.7736136083261655
319	426	0.8284517435091197
558	212	0.8586024470461698
452	557	0.9629197706798669
744	635	0.8227092531948863
165	418	0.8384627372230443
744	633	0.9801046371980953
686	450	0.8730142901814949
714	154	0.8329483978007477
585	733	0.778861705303063
714	150	0.8602806544914777
452	558	0.7266156094652438
709	250	0.7911843571225222
453	543	0.9544841809815516
269	154	0.828736089804972
748	642	0.825555674095203
169	426	0.8781995174977334
328	328	1.0
591	675	0.9474395168189755
687	492	0.8500933406285649
694	372	0.8345462955839212
589	740	0.806340747365389
514	740	0.705868856611767
614	470	0.9306048591020996
584	797	0.9038293979778175
689	468	0.922716933591816
331	243	0.767690941429875
99	686	0.7540586371234758
718	154	0.7943599809667631
689	464	0.8146105415069309
26	663	0.8193291272238689
514	745	0.7378021320792763
745	676	0.8149356623399269
330	270	0.8506453479886169
591	686	0.9218271644436339
747	663	0.8264419442686022
3	699	0.8736884034665289
331	262	0.870686735272754
330	278	0.8169962514208274
165	481	0.8610417924239666
462	462	1.0
748	657	0.8113947239875825
689	479	0.8189958055852831
396	61	0.9033108285294267
26	659	0.8826139609657232
180	217	0.7619761940029056
744	698	0.7744546284908672
3	698	0.7663141812018116
747	660	0.939424550826138
217	776	0.8978768491832647
614	486	0.8846142040667466
595	635	0.7977413447801884
464	433	0.8103099324915715
592	643	0.9120489210147158
169	402	0.9856647588697689
167	429	0.8408964152537145
328	307	0.8888505836097145
225	614	0.8428895443675464
269	137	0.9256065799010865
29	657	0.8478400107378505
754	507	0.8488715913218741
718	135	0.902467528423322
558	244	0.8687908123067115
557	258	0.6892842431287094
287	792	0.765910691718308
167	426	0.8293212749393128
217	748	0.8410644769288574
590	663	0.8193896292964579
168	429	0.8663376339874639
687	481	0.766700136981957
747	642	0.8278903717421817
214	790	0.8313560776315578
319	462	0.796272812748878
718	152	0.7767643313233382
225	625	0.837216271505345
29	642	0.8392581531044518
694	361	0.8395901501919025
33	556	0.8998412113222943
522	600	0.9555915690823085
330	250	0.8326559621591714
396	396	1.0
691	47	0.8504784554357933
691	48	0.8533494532047855
463	420	0.9233060650334912
165	456	0.9866116532825415
463	421	0.8899946641429541
168	422	0.9401235136541715
463	429	0.8776054729030333
327	327	1.0
157	595	0.8640088476065279
32	560	0.8188287880103418
99	20	0.8595977043781
740	74	0.8766541331848818
592	344	0.8559540358396557
382	5	0.9399635754248192
31	250	0.8679178333028654
591	357	0.7891828378309885
593	338	0.8437055789789887
643	658	0.8784815575836324
643	657	0.8533304850361331
361	415	0.9853851261546736
578	595	0.7856802333931047
444	81	0.8357856772539496
361	417	0.9141487466711651
157	281	0.8419971379043933
99	361	0.7536068281989967
609	251	0.8935342355158693
609	250	0.8525769623648507
166	134	1.0
298	321	0.7830870017382955
3	389	0.9349784603484965
464	109	0.8235198323662738
189	745	0.8500933406285649
31	241	0.8393731792207338
185	790	0.8372726206638383
514	425	0.976947047212202
167	126	0.9738984901687953
509	525	0.8882273788899511
686	180	0.7814342996634888
745	357	0.8157653144092378
459	204	0.8021597251769217
507	560	0.88888765071252
592	357	0.8497460807696525
638	762	0.8765850050945587
803	559	0.8157445149467835
481	798	1.0
169	113	0.9552148243582481
686	199	0.7942847990106159
92	92	1.0
444	96	0.7967153648181144
121	642	0.8536979418475482
589	433	0.7998973385456248
738	499	0.9688405323890916
165	165	1.0
167	133	0.8313287500187464
290	81	0.8335937071915723
18	474	0.7643473085663817
686	197	0.8399805589939292
586	464	0.8238017350407876
459	216	0.9098977540420364
62	740	0.8144213440268967
738	462	0.8396368964358377
803	527	0.9668939729324673
642	642	1.0
189	727	0.8953410535489214
41	111	0.9309146994219267
20	99	0.8595977043781
5	382	0.9399635754248192
748	309	0.8702972972766472
578	578	1.0
26	26	1.0
185	777	0.97122090879546
483	740	0.8217202261566728
503	575	0.8998699914639168
689	129	0.8988430099356228
183	790	0.8253737861484789
635	761	0.8739358459190768
287	479	0.8162064278022095
317	152	0.7079391439935818
165	127	0.8439025760962634
593	307	0.8352315318498111
509	509	1.0
99	38	0.8657218157542236
95	81	0.7766323793779787
31	266	0.9465005006784879
41	104	0.9212868530407008
687	167	0.9111864842059252
361	402	0.860456169743208
319	148	0.955002770993081
687	165	0.7926371364639984
462	125	0.8619928259528203
643	643	1.0
507	541	0.9291618524483843
642	658	0.8585479274115875
643	642	0.8461854685057593
20	81	0.7719274219906238
741	48	0.8674418273524281
452	278	0.7623527083427533
161	183	0.860456169743208
207	599	0.8908144317827046
184	792	0.7024158288959562
158	262	0.8123356589158037
591	344	0.7795354575489502
99	29	0.8160664902415956
26	359	0.8130244096039462
317	165	0.8462015631785653
5	23	1.0
640	674	0.8824280837096079
196	663	0.8534632002822252
3	87	1.0
753	266	0.9874320971335327
753	262	0.8909014504664816
647	647	1.0
72	605	0.8316971433616052
125	620	0.8741187022242978
125	629	0.8038492857380571
26	48	0.8299128038189301
457	278	0.867553396964753
197	657	0.7999271637602777
262	712	0.8877507673758525
357	544	0.8827157774339718
422	605	0.8114810701376544
518	422	0.8496639980111681
653	539	0.8349225577116508
165	197	0.926225744135947
29	359	0.9039739208431788
96	96	1.0
131	509	0.8425872825820179
711	711	1.0
33	262	0.833906140476877
167	167	1.0
591	48	0.7637139862988735
463	155	0.8424545446209492
5	52	0.8018434412842478
647	642	0.8245469755143493
761	127	0.8354561388204985
756	225	0.8008893144073083
168	155	0.8214332796650444
27	27	1.0
196	674	0.829894363156197
653	544	0.8297651981378883
647	658	0.8177654339579425
653	540	0.8550483635616358
41	122	0.8199728764138953
764	109	0.7517158861179095
803	595	0.8260853777471455
34	243	0.7451916805490146
418	704	0.7842644710663879
5	396	0.7854500290689699
554	802	0.7527522589203736
593	34	0.7997540690498289
225	13	0.8502763251543457
661	401	0.9692408906968261
783	754	0.9441772809620199
595	357	0.8434959161455272
298	374	0.9318952222802466
520	18	0.7660318948377378
168	168	1.0
95	95	1.0
712	712	1.0
32	262	0.8548424409722272
41	152	0.7175121267370161
747	359	0.8774931904938194
169	122	0.7711054127039704
710	710	1.0
457	259	0.8777954999585864
197	635	0.9769190825259131
591	34	0.8566427619402632
590	47	0.9682479992853502
99	81	0.7528890823587719
755	218	0.9116434987426753
464	122	0.8408964152537145
34	270	0.7989207467141045
595	321	0.8153329629211231
744	389	0.9473300263145453
217	462	0.9914125294225378
609	270	0.8749685099000868
761	106	0.9131514701525778
29	29	1.0
609	278	0.8253929454652882
801	582	0.8762135744215145
636	792	0.7164804440360688
168	133	0.8489345453129622
803	578	0.7968747532889667
483	792	0.698953290348481
457	262	0.8377699414685953
593	361	0.7961249120046152
63	761	0.7516513560032295
638	780	0.8641999689195254
642	694	0.8533342789059827
298	360	0.9899027772629014
262	707	0.9485766177659157
748	359	0.858820283589913
593	366	0.9843685190044793
121	658	0.8527753088722408
167	155	0.8308174767092019
585	492	0.7984806539930037
166	166	1.0
29	14	0.972793012047559
359	509	0.8836967795395393
646	646	1.0
63	790	0.807491187865541
714	725	0.8258375243714958
418	730	0.8780722370173022
467	154	0.8156248459384775
262	753	0.8909014504664816
235	235	1.0
125	663	0.8223411864641438
792	642	0.6938506347671958
595	45	0.9278276368325208
747	77	0.939424550826138
131	558	0.8259424489606016
72	642	0.8446384621444298
790	663	0.8406480943062492
659	507	0.7915123814669426
71	657	0.8042003232867829
26	81	0.778947943663848
761	165	0.8889304070058734
242	104	0.8876586842062315
26	88	0.9172880065009774
430	509	0.8122660227195938
792	636	0.7164804440360688
133	525	0.8855864799863247
783	783	1.0
168	199	0.8247590380312692
99	99	1.0
298	78	0.9365521380570536
235	243	0.8169962514208274
422	653	0.8070436004309616
235	246	0.9719535183180931
29	44	0.8718412592685554
357	592	0.8497460807696525
421	667	0.9941634010915974
241	139	0.9111601150758538
136	509	0.8311509670857343
593	81	0.8400144476254896
237	225	0.8654471315287621
71	642	0.8269771459560961
236	236	1.0
71	647	0.9871928947068519
136	507	0.8542903554672678
647	691	0.9370555335834666
225	51	0.8492409789575321
199	671	0.9209580392123635
748	65	0.9834091678338962
716	703	0.9094345536370971
270	627	0.890586779112014
235	240	1.0
229	357	0.7821066966253725
595	51	0.8922996001226453
531	208	0.8807427314646987
590	81	0.7911199268526729
169	169	1.0
463	183	0.8038665749884153
236	202	0.8961192005647944
197	674	0.7996345404120008
589	483	0.8728848569221529
593	44	0.8309774862692199
464	167	0.8889617524742759
199	643	0.8928894069930922
711	733	0.822679850244306
44	158	0.8493507922443364
167	183	0.8480462380827676
783	768	0.9474358685621954
747	48	0.8703204335922552
199	640	0.8990037710675983
131	529	0.8812616115559121
592	54	0.9126878760251566
744	87	0.9801046371980953
133	509	0.8670115136577781
169	165	0.7701839524976678
761	148	0.8225180023866031
761	146	0.7984866941430409
262	741	0.9827089894675586
72	657	0.8279560025460094
714	714	1.0
72	658	0.8309866231612377
422	635	0.8186057263038373
590	96	0.8375064026771016
