277	581	0.9694895575496492
452	217	0.7045009630877486
573	573	1.0
350	507	0.7379218030916608
13	479	0.6528314682896846
182	745	0.6872460119909996
283	467	0.8116104688957467
157	205	0.7459510694443862
734	447	0.9348563289995374
161	118	1.0
574	574	1.0
277	593	0.6548403969079662
92	388	0.9694895575496492
277	591	0.9694895575496492
679	243	0.5858454164058257
444	18	0.5858454164058257
633	745	0.9464123050725344
578	524	0.7139513202794925
277	590	0.7297609718594492
682	165	0.8140050790326192
99	309	0.6526036331462768
290	359	0.5985764840125356
155	241	0.7686097884816243
309	241	0.6783000795354905
737	420	0.7412064692998972
213	426	0.6939490726492885
444	358	0.9837362226906802
157	212	0.7976866152025291
212	430	0.9709707228050861
92	392	0.935286296053503
183	741	0.7256042745348464
183	740	0.8529733329713655
148	18	0.6520715046149637
666	64	0.9173977627768306
724	592	1.0
287	405	0.9395696627597643
92	359	0.5903056163821541
281	477	0.9804122041295175
668	386	0.9131514701525778
331	790	0.6638676925544071
450	217	0.7826847957695517
632	722	0.8135078271179413
663	99	0.9903168577750299
181	740	0.5765650984574433
741	307	0.6638676925544071
307	236	1.0
307	238	0.7430514875840589
269	690	1.0
3	321	0.6247141140798211
17	411	0.9653394560654962
573	560	0.6689240317960917
141	81	0.7391059166910374
13	462	0.5985764840125356
733	450	0.6638698921064328
95	331	0.9188795902835994
91	48	0.7289617876966324
183	727	0.9444330476447707
151	262	0.5756034401344712
503	503	1.0
614	122	0.6349560365210483
161	161	1.0
287	464	0.5985764840125356
775	802	0.6449607527083779
287	462	0.6638698921064328
344	657	0.7196136886810217
344	658	0.7880428305021688
344	653	0.724055943023385
635	745	0.7592347042009957
636	731	0.988576012519132
631	790	0.7443133122746253
640	645	1.0
317	152	0.65653883619621
183	790	0.7182816645892306
514	402	0.6783000795354905
32	217	0.6583004368005156
287	479	0.665232566662366
745	330	0.6990238209163449
584	450	0.7686097884816243
483	735	1.0
462	105	0.737099214635731
593	307	0.7027648940646715
165	127	0.7579898128066294
593	301	0.699187688711053
96	383	0.9405580452863361
802	526	0.9634106911953441
345	658	0.9676812374822549
578	560	0.6514459845369311
350	554	0.982321477241202
290	48	0.5811340413289031
640	658	0.6658183351934726
614	127	0.6557390332002747
20	20	1.0
161	168	0.6585288071559555
640	657	0.6783000795354905
3	330	0.6962717269540314
586	420	0.7655706069055227
745	301	0.6836451360794586
183	761	0.7528252530824177
738	429	0.7083087582765434
574	583	0.9929680958382959
574	582	1.0
285	468	0.9785580362806728
95	360	0.9001391661016735
738	426	0.6999255833655553
506	506	1.0
385	199	0.8934599982987288
733	481	0.6638698921064328
732	497	0.9669018836451171
738	420	0.7576501781135817
184	745	0.7243191971145043
146	50	0.7846132629037078
157	229	0.732004844501612
184	743	0.9738473369555589
146	53	0.7875716054175921
686	127	0.7522582478375948
444	368	0.9837362226906802
158	217	0.7225108413501868
96	357	0.9653394560654962
309	251	1.0
343	647	1.0
151	298	0.6071919346760751
15	477	0.9804122041295175
183	757	0.975008684799948
91	91	1.0
184	740	0.6533543705983416
26	307	0.6977108671808152
640	640	1.0
585	420	0.710361701025981
205	589	0.7893400821445345
744	327	0.8203284363023944
507	507	1.0
578	548	0.8145370012592567
18	444	0.5858454164058257
734	481	0.7097339137860907
679	262	0.5806299182005679
507	504	0.9809180746305833
205	585	1.0
643	603	0.9932069147597249
147	54	0.9853338460596134
350	533	1.0
586	409	0.6697237103673223
738	431	0.9949361543540305
678	270	0.6999893594308972
687	122	0.7137011566487467
290	372	0.5811340413289031
687	121	0.6440461162037456
343	657	0.7087313173302303
444	372	0.9837362226906802
801	573	0.6689240317960917
217	450	0.7826847957695517
29	322	1.0
121	638	1.0
593	338	0.6841934306646773
290	81	0.5282565601956145
361	417	0.9520834896519539
578	595	0.7424581348892174
643	658	0.773409901633207
462	133	0.7522582478375948
643	657	0.7522582478375948
444	81	0.7318604483873109
592	344	0.7256042745348464
41	106	1.0
464	109	0.6783000795354905
447	41	0.9653394560654962
382	5	0.7686097884816243
185	790	0.5811340413289031
464	122	0.6634554768167656
217	462	0.8851761574167879
609	278	0.9462136543466498
636	792	0.6713561832895403
3	381	0.9846557489109836
117	737	0.6638698921064328
509	540	0.7061590669609777
595	321	0.7080667015018168
444	96	0.6557390332002747
165	165	1.0
803	559	0.6727851929150142
62	740	0.6342231026945516
643	663	0.7644456780618915
642	679	0.9653394560654962
592	357	0.7522582478375948
483	772	1.0
492	629	0.9590469314306774
169	113	1.0
803	552	1.0
481	798	0.9785580362806728
492	623	0.7376307871475113
92	92	1.0
158	284	1.0
686	197	0.7522582478375948
32	262	0.7415273654726918
642	672	0.7462104397900982
32	263	1.0
169	111	1.0
591	361	0.7686097884816243
586	464	0.6402625302042974
640	672	0.6689240317960917
27	327	1.0
317	165	0.6689240317960917
741	48	0.5985764840125356
18	474	0.5985764840125356
95	95	1.0
578	578	1.0
748	309	0.6638698921064328
740	52	0.9714614597021822
740	51	0.8926792723690954
483	740	0.6873943644421691
642	642	1.0
185	777	0.9366806344966506
31	241	0.7455613144212093
26	26	1.0
642	643	0.7477554675502182
509	509	1.0
5	382	0.7686097884816243
650	509	0.7431593774612328
158	250	0.6638698921064328
350	560	0.7320825137458328
801	546	0.7078928470978919
614	135	0.9438592304508944
343	687	1.0
189	727	1.0
344	672	0.7231473719717629
99	361	0.8173301861359571
586	431	0.9841743765239285
96	72	0.9454198216819274
640	686	0.6783000795354905
344	691	0.7194283921919872
197	607	0.9773863868467193
298	321	0.635906325686834
459	204	0.6607984648321913
609	250	0.7455613144212093
95	81	0.5806299182005679
462	125	0.7522582478375948
462	127	0.739795632702069
507	545	0.7734250039032671
225	307	0.9875290294210198
642	657	0.7522582478375948
643	643	1.0
642	658	0.7531894826910178
643	642	0.7477554675502182
802	546	0.7360813449362235
31	250	0.6783000795354905
687	165	0.735178516516312
737	485	0.9358362333905107
345	671	0.9765033674916039
184	792	0.710683017856749
167	117	0.893731990620009
26	359	0.7127438252018782
20	81	0.5985764840125356
167	119	0.95801962505499
117	709	0.5985764840125356
525	301	0.9791793092626853
593	34	0.6548403969079662
420	631	0.9102072498413964
747	39	0.7430514875840589
225	13	0.7531894826910178
661	401	1.0
595	357	0.7395799988309766
792	602	0.855395772145607
125	629	0.7373336903021667
121	672	0.7579898128066294
790	629	0.9674828720969557
520	18	0.6638698921064328
165	197	0.7686097884816243
422	605	0.520957109395585
121	677	1.0
197	657	0.7686097884816243
196	663	0.7820787607511788
165	191	0.9653394560654962
125	620	0.6783000795354905
589	462	0.72922202456493
63	761	0.6638676925544071
26	48	0.6898104004677115
753	262	0.5903056163821541
197	650	0.7486714881841509
647	647	1.0
756	229	0.6885936240700302
647	642	0.6646889692860105
761	127	0.6783000795354905
96	96	1.0
761	146	0.7522582478375948
34	270	0.7041025359034104
199	647	0.736904477959973
711	733	0.5858454164058257
650	588	0.9671974194737014
41	152	0.6443908479306888
27	27	1.0
554	802	0.6703216823084833
26	39	0.7372365835398287
197	663	0.7348139046268124
26	38	0.9897631372217874
803	595	0.7448757917857786
653	544	0.7254578075702408
260	743	1.0
168	168	1.0
647	658	0.7325252350320659
647	657	0.7087313173302303
168	165	0.7415273654726918
593	39	0.6467817238345078
712	712	1.0
121	658	0.7366934597370534
585	492	0.7129603108252544
595	335	0.9458357809072478
34	243	0.6638698921064328
167	155	0.7158063085218079
745	381	0.9839841643503455
710	710	1.0
590	47	0.9586762415505291
29	31	1.0
591	34	0.7686097884816243
592	368	0.9546261248587208
41	122	0.658575345308816
99	81	0.6461273283043131
643	672	0.9260503586130213
32	272	1.0
169	122	0.8221739489343934
551	805	0.7429885011454963
33	262	0.6882046125348853
756	225	0.6654145195702622
29	29	1.0
122	658	0.8159679148745117
711	711	1.0
167	167	1.0
710	725	0.9602742659117003
591	48	0.739795632702069
262	702	0.7553226289793286
29	359	0.6783000795354905
463	155	0.732966091211379
196	658	0.8545723436911895
217	481	0.7270076184853881
803	578	0.968890445608529
483	792	0.6638676925544071
748	359	0.6585288071559555
457	262	0.36306375005282515
169	137	1.0
507	585	0.7906096320526335
196	650	0.8477327925059455
589	450	0.8894310085905256
196	657	0.8297282679820359
593	361	0.7420260710223218
592	372	0.9546261248587208
492	642	0.7431114399412129
642	694	0.9317579322035663
646	646	1.0
591	385	0.732966091211379
225	55	0.7809555563339621
647	691	0.9942154828903462
530	246	0.9672826438690634
530	240	0.9672826438690634
716	703	1.0
357	589	0.8591535502594281
468	145	0.9785580362806728
131	558	0.7012369300671116
72	657	0.732966091211379
418	730	0.9653394560654962
72	658	0.6727851929150142
235	235	1.0
659	507	0.7579898128066294
714	725	0.7243920718416323
125	663	0.7323749199063351
764	133	0.7373336903021667
467	154	0.9288206468473081
430	509	0.6526878979561423
168	199	0.6912347306669143
39	250	0.7489631163854349
647	687	1.0
125	660	1.0
26	80	0.8159263845054585
237	229	0.7215185427887206
127	658	0.739795632702069
44	158	0.6638698921064328
270	631	0.7577112167024341
792	657	0.7371161312509511
716	716	1.0
242	123	0.9554420278479928
136	509	0.7106980333297471
761	183	0.7528252530824177
529	307	0.7430514875840589
136	507	0.7742674544956684
127	651	0.9804122041295175
127	657	0.7686097884816243
99	99	1.0
237	225	0.7298029245596925
528	312	0.770572060587023
235	246	0.9599251941045673
714	735	0.9944665095544364
236	236	1.0
357	592	0.7522582478375948
663	426	0.7912616249966116
422	653	0.6585288071559555
357	595	0.7395799988309766
270	627	0.9583500105688751
235	240	0.9599251941045673
229	357	0.6979451002485898
235	243	0.6320903919640346
125	672	0.7462104397900982
595	51	0.7451132863514439
199	658	0.7473194636196058
71	642	0.6619614061059444
486	792	0.6492948896626753
462	197	0.7522582478375948
199	650	0.9050011924070416
169	169	1.0
417	727	0.9785580362806728
125	641	1.0
197	674	0.6783000795354905
421	635	0.7891041333569058
197	672	0.7462104397900982
783	768	0.9712944972890247
590	81	0.7178308179499625
420	643	0.9304082527600064
761	148	0.7347858050404458
169	165	0.6783000795354905
492	672	0.7847156424994288
783	783	1.0
766	105	0.9703733660260163
761	165	0.6783000795354905
117	790	0.5985764840125356
71	657	0.7091839909994392
197	686	0.7522582478375948
131	543	0.9283229674242037
72	642	0.6638676925544071
372	317	1.0
372	319	0.9679845320465239
63	790	0.9842316694502008
422	635	0.6783000795354905
422	636	0.9855706870837669
714	714	1.0
125	658	0.7509575166072567
125	657	0.7522582478375948
590	96	0.7249981657385399
658	507	0.9084933798296336
789	709	0.7538058576979313
745	83	0.7735759131847396
129	602	0.6316926311167355
492	687	0.7377285824927081
425	658	0.749039678977294
663	460	0.9552578843679017
77	633	0.6783000795354905
127	686	0.7522582478375948
540	122	0.6718308404619643
29	99	0.640962682345561
792	686	0.7158063085218079
787	787	1.0
47	152	0.6948194528800127
372	368	1.0
520	96	0.5985764840125356
47	155	0.7486155334845169
48	141	0.739795632702069
142	420	0.6626635050971798
541	109	1.0
229	389	0.7291433372583751
372	361	0.7686097884816243
421	698	0.7637387301224432
718	718	1.0
77	641	0.9664677072507066
77	642	0.6783000795354905
657	584	1.0
560	778	0.7136454812836592
242	165	0.7462104397900982
238	250	0.732966091211379
766	165	0.6727851929150142
725	609	0.7579898128066294
78	635	0.8448380117989513
47	165	0.7341341662815509
525	48	0.7387505144253628
29	81	0.5985764840125356
422	698	0.6912048858244861
372	372	1.0
714	772	0.9944665095544364
236	270	0.7139023947322158
718	725	0.6619389604208838
81	525	0.7354216059903914
243	127	0.6783000795354905
72	672	0.7252661431602921
525	361	0.7513281223796422
136	518	1.0
661	462	0.7522582478375948
237	237	1.0
524	372	0.7169475282169252
199	691	0.7339109643619328
142	404	1.0
236	243	0.5924501565367664
83	504	0.9591021973422514
130	585	1.0
78	607	0.9773863868467193
468	165	0.5985764840125356
48	121	0.7328318267467484
301	301	1.0
764	155	0.7177989933675543
785	785	1.0
531	243	0.9653394560654962
262	770	0.8517188336766753
261	786	0.9734932627289408
653	591	0.6638698921064328
758	262	0.7220256611524406
238	238	1.0
71	691	0.9907564114997218
359	598	0.957630907906655
534	225	0.7110468586717551
525	372	0.7498651469900348
766	143	0.9703733660260163
716	733	0.6783000795354905
127	672	0.7686097884816243
792	672	0.7238148374053575
372	358	1.0
141	420	0.9289882193387481
559	803	0.6727851929150142
764	165	0.7373336903021667
520	81	0.6638698921064328
241	155	0.7686097884816243
298	95	0.8909856054849045
372	350	0.7531894826910178
270	647	0.9942154828903462
595	78	0.7337418859172843
262	781	0.8125068932851954
657	558	0.9102941629601738
129	649	0.8293120088315763
463	5	0.7218042567616941
91	426	0.7437557848094852
77	672	0.7256597361940077
463	3	0.7042612233436467
541	157	0.6706745852153264
718	763	0.8736304889712327
672	350	0.7966417255605728
12	520	0.9785580362806728
283	509	0.5985764840125356
666	463	0.636984953184062
429	642	0.7231727517763593
229	83	0.7129976814957532
676	301	0.7650177411650302
278	609	0.9462136543466498
730	534	0.6689240317960917
529	372	0.7169475282169252
725	630	0.9853338460596134
140	482	0.9951910839468262
573	605	0.520957109395585
136	573	1.0
674	322	0.9694895575496492
205	601	1.0
281	540	0.9297917164368428
426	698	0.8161131547599352
426	694	0.7412766214243014
205	602	0.6669344487552048
78	672	0.6783000795354905
672	361	0.9554420278479928
385	224	0.962497349391433
539	229	0.6999210263754189
78	678	0.9315465977575893
429	658	0.7992452062160172
429	659	0.755785068685174
539	225	0.7194208731218255
730	548	0.5985764840125356
12	539	0.9785580362806728
307	307	1.0
716	790	0.5985764840125356
725	643	0.7953576782231294
525	81	0.7354216059903914
200	658	0.732966091211379
77	691	0.7242390951919468
426	663	0.7912616249966116
238	269	0.7455613144212093
77	657	0.7686097884816243
78	642	0.6783000795354905
77	658	0.7557318112535519
83	542	0.7573357204239386
672	330	0.899935376924479
243	166	0.6783000795354905
243	165	0.6783000795354905
423	691	0.5838479544355429
764	199	0.7030303167039336
433	534	0.8680660007849902
150	301	0.7606268248682589
524	69	0.7008508953642483
372	385	0.7686097884816243
724	621	0.6638698921064328
426	658	0.7524414797172979
91	415	0.9875290294210198
77	660	0.9664677072507066
732	509	0.6907794463101111
200	642	0.6595082191024407
732	504	0.9669018836451171
269	743	1.0
270	691	1.0
78	657	0.7686097884816243
268	754	0.8208522949367427
142	450	0.6638698921064328
433	544	0.6575249774646399
91	420	0.9367319985415433
789	789	1.0
301	350	0.9905454892271495
574	642	0.6515062171673017
733	546	0.6638698921064328
529	74	0.9653394560654962
668	486	0.6689240317960917
205	635	0.9262214692051475
385	257	0.957630907906655
727	657	0.6396968131900418
290	426	0.5885508626347815
539	258	0.7686097884816243
727	650	0.6436482078302799
385	250	1.0
269	790	0.8063576661486164
548	109	0.6783000795354905
92	466	0.9368326938637083
728	657	0.7686097884816243
728	658	0.7396584620705571
213	509	0.6364457613790364
678	330	0.7173485725262827
150	39	0.7295929920194548
185	802	0.5903056163821541
204	657	0.7211581265471219
676	359	0.7709047426155949
545	155	0.8178267502717672
545	152	0.6917951308662726
429	698	0.7198623120619881
385	262	0.8026150441284893
429	694	0.720795208404234
382	270	0.6608393537185802
290	406	0.7201277622228779
154	304	1.0
200	672	0.7416135168161623
78	686	0.7686097884816243
534	298	0.7088231264177864
203	638	0.9650318923535363
730	559	0.7248698604946029
666	481	0.6579615212662262
725	658	0.9219177372876746
182	801	0.6511568276148765
382	262	0.6528660901079357
141	494	0.9753633957040807
205	621	1.0
674	361	0.6783000795354905
200	686	0.7976866152025291
309	309	1.0
546	121	0.6713561832895403
733	531	1.0
546	123	0.9478365885158972
248	155	0.7194208731218255
78	699	0.9308238877334936
278	638	0.9153661583825323
666	492	0.6403871423088774
183	803	0.975008684799948
676	330	0.7497535118094685
433	589	0.6994139047988919
382	277	0.9694895575496492
91	462	0.6669344487552048
674	359	0.6783000795354905
672	33	0.7859706996388323
428	686	0.6783000795354905
20	426	0.6540258864779478
574	684	1.0
574	686	0.6252377038345692
307	39	0.7430514875840589
287	548	1.0
573	698	0.7341069719572519
18	531	1.0
642	709	0.7686097884816243
350	629	0.9905454892271495
5	409	0.7686097884816243
733	585	0.6638698921064328
573	690	1.0
5	401	0.7522582478375948
148	474	0.6493591001262046
686	229	0.7358536889795995
642	702	0.7470223457932251
602	39	0.6654145195702622
157	327	0.9423277362851027
585	507	0.7906096320526335
389	243	0.6783000795354905
740	451	0.981106770488879
157	323	1.0
676	55	0.7843466374582849
447	447	1.0
99	426	0.6984812951304189
679	361	0.6638698921064328
545	199	0.7064968310281922
307	47	0.758363051209976
728	691	0.7217295325862767
586	507	0.7378262871738724
204	691	0.6816439091466135
309	361	0.6783000795354905
283	595	0.8250043611297136
309	16	0.9360388999028373
672	99	0.7797638929508364
207	657	0.6783000795354905
590	413	0.7798494355916368
307	385	0.7522582478375948
155	333	0.7686097884816243
205	653	0.6638698921064328
203	677	0.9650318923535363
301	83	0.7440651132580511
728	663	0.9222397601351254
281	593	0.629702547486651
5	426	0.7459510694443862
546	152	0.6909375383033577
248	183	0.6748739734102965
727	672	0.6579615212662262
544	178	0.7067398340807975
389	229	0.7291433372583751
307	357	0.739451854631186
444	444	1.0
307	359	0.7522582478375948
730	595	0.7395799988309766
574	658	0.6687235850057454
741	420	0.7264354427570152
686	200	0.7976866152025291
452	309	0.723706697187194
321	122	0.6254616399982549
574	672	0.7238892682627392
152	34	0.7028327910629368
573	685	1.0
734	560	0.5798906190078332
146	492	0.6585288071559555
18	520	0.6638698921064328
152	39	0.7548850473375447
301	97	0.9804122041295175
546	165	0.7430514875840589
447	420	0.6696802635275427
204	672	0.6607984648321913
728	672	0.7415273654726918
727	686	0.6396968131900418
13	589	0.649323147742708
764	5	0.7522582478375948
158	307	0.6609596460368959
605	330	0.6234564249344781
96	444	0.6557390332002747
301	91	0.9580972361590445
20	462	0.5985764840125356
343	735	1.0
122	702	0.8746337496728022
462	217	0.8851761574167879
453	361	0.6526928523388306
540	5	0.7219376456106611
287	589	0.7242008156636331
676	83	0.7739898543837166
694	133	0.8155363158722433
29	404	1.0
396	165	0.6559880615479946
620	125	0.6783000795354905
158	359	0.6689240317960917
614	237	0.6471400697539739
691	165	0.7327998860780338
309	47	0.9236486953009756
63	802	0.6783000795354905
354	611	0.9386596408938986
3	463	0.7042612233436467
99	460	0.9622602908689597
650	623	0.7449582879826989
99	462	0.6987536950425851
321	189	1.0
457	325	1.0
165	242	0.7462104397900982
744	463	0.7668926060143688
803	638	1.0
287	593	0.9646914917418378
507	643	0.759988494980725
361	507	0.8152389878405616
747	429	0.7310638041579154
350	672	0.7966417255605728
642	751	1.0
31	350	0.6669344487552048
158	361	0.6783000795354905
155	51	0.7686097884816243
801	658	0.6699034945461585
389	297	1.0
168	200	0.7673164478588362
514	514	1.0
503	663	0.6524845412492142
243	5	0.6638698921064328
343	772	1.0
740	483	0.6873943644421691
745	421	0.7403066480148494
309	32	0.6783000795354905
32	309	0.6783000795354905
802	612	0.9792097213690966
620	105	0.9088721323860869
26	420	0.6985675585847086
212	564	0.9659827974346018
691	141	0.7259154198315363
686	241	0.7522582478375948
161	258	1.0
31	322	1.0
155	22	1.0
284	593	0.6545251602094613
26	427	0.9869916506556526
389	262	0.5985764840125356
609	333	0.7686097884816243
643	725	0.7953576782231294
621	109	0.7522582478375948
350	658	0.7313970359030085
287	571	1.0
593	402	0.6556886682045495
578	663	0.7517895873703291
507	621	0.7906096320526335
462	200	0.9480927913583652
679	39	0.7078928470978919
687	241	0.6699034945461585
678	48	0.716861477271156
5	450	0.9262214692051475
150	99	0.995700864245888
450	39	0.7686097884816243
614	229	0.6936275778039432
750	329	0.9442781520147725
614	225	0.7053190317012772
121	758	0.9896852011036584
711	802	0.6403871423088774
121	757	1.0
591	481	1.0
619	227	0.9182906826938375
328	133	0.5985764840125356
711	801	1.0
167	250	0.8846879004250003
614	281	0.6366258473686068
509	650	0.7431593774612328
33	359	0.732994682707534
650	650	1.0
462	258	0.7522582478375948
609	39	0.6609596460368959
593	457	0.9646914917418378
166	262	0.5985764840125356
621	157	0.7459510694443862
31	29	1.0
803	663	0.6763467207110798
130	601	1.0
698	122	0.7631681972254718
621	155	0.7686097884816243
170	170	1.0
41	225	0.6607007140731909
27	470	1.0
27	471	1.0
592	462	0.6638698921064328
802	672	0.6783000795354905
41	229	0.6542283528715412
492	731	0.9707893245788021
747	450	0.7522582478375948
646	733	0.5802356933033949
298	467	0.8769020518441777
625	122	0.5897734499399614
29	450	0.6638698921064328
122	757	0.9496629910596164
518	518	1.0
605	99	0.617694955707477
756	321	0.6492769027648432
327	155	0.6783000795354905
168	250	0.7579898128066294
262	803	0.730267808161604
589	557	0.7295634540713608
609	48	0.7397523348928742
421	709	0.7891041333569058
699	122	0.7053578906290425
653	629	0.7391059166910374
753	359	0.6783000795354905
803	677	1.0
196	752	0.957630907906655
457	361	0.4661894555792153
609	47	0.6490298726838187
803	672	0.7579898128066294
72	709	0.6783000795354905
748	450	0.6783000795354905
647	735	1.0
586	589	0.7074921256975075
199	714	0.7360674645564089
509	658	0.7087313173302303
586	586	1.0
154	81	0.6783000795354905
158	39	0.739451854631186
590	474	0.719508561398611
689	258	0.6445451512685284
29	420	0.6626635050971798
450	78	0.8448380117989513
609	361	0.7686097884816243
745	462	0.7460482858414038
578	698	0.7102082040935458
507	659	0.7579898128066294
694	155	0.721855674734356
196	725	0.7878638646373496
507	658	0.9084933798296336
694	154	0.7254932621111784
744	471	0.8203284363023944
166	243	0.6783000795354905
100	100	1.0
748	429	0.6951673905563702
754	310	0.5959064067923417
744	470	0.8203284363023944
802	658	0.7238148374053575
753	322	1.0
32	32	1.0
748	420	0.6567335738910638
802	657	0.6783000795354905
26	462	0.876974138567738
620	143	0.9088721323860869
27	450	0.6638698921064328
642	761	0.7686097884816243
122	714	0.7857275698427909
464	205	0.7248698604946029
213	593	0.5747873472423545
32	355	1.0
585	585	1.0
509	644	0.9785580362806728
509	643	0.7053765951398399
745	479	0.843162170573605
756	301	0.6638676925544071
199	702	0.7423907722749342
327	133	1.0
589	539	0.780842611704257
100	117	0.5858454164058257
650	642	0.7320825137458328
609	372	0.957630907906655
463	236	0.7042612233436467
623	122	0.7043353857273468
653	609	1.0
522	409	0.6564865206376521
157	55	0.7089162414888119
694	165	0.7280365776351949
453	49	0.98208051094452
158	44	0.6638698921064328
214	593	0.6326591211876026
452	58	0.8137461386511784
691	199	0.7339109643619328
225	421	0.7332560427326235
31	31	1.0
319	262	0.7205637054471217
620	150	0.8180360052200444
74	707	1.0
625	152	0.6402681980751624
474	117	0.5858454164058257
34	39	0.7686097884816243
359	643	0.9221626345841271
525	420	0.9596753119741785
589	589	1.0
235	319	0.9640808420919768
755	361	0.6783000795354905
105	105	1.0
236	307	1.0
130	642	0.7686097884816243
41	262	0.5903056163821541
531	309	0.5985764840125356
754	372	0.7172321367484644
125	747	1.0
121	790	0.727162380838802
653	653	1.0
361	576	1.0
747	498	1.0
229	422	0.6925864929649194
229	421	0.7066759426008921
229	426	0.70286672235172
133	609	0.6783000795354905
747	492	0.7358975484081924
106	106	1.0
39	333	0.7522582478375948
327	199	0.6540258864779478
237	301	0.727401633758995
44	238	0.6468371474527818
130	658	0.7557318112535519
423	721	0.8709533573053809
33	33	1.0
131	646	0.903004811464476
653	668	0.6579615212662262
32	44	0.6783000795354905
357	676	0.7274943992055236
169	278	0.7477248616593537
421	745	0.7403066480148494
357	672	0.7579898128066294
647	772	1.0
328	152	0.5756213511538019
34	361	0.7522582478375948
127	708	0.9804122041295175
327	165	0.6783000795354905
422	709	0.6783000795354905
694	199	0.7235527026676538
790	725	0.7579898128066294
492	758	0.7462104397900982
609	56	0.650479456882648
803	686	0.6727851929150142
422	703	0.5282565601956145
421	712	0.7260447886590209
753	361	0.6783000795354905
748	462	0.6638698921064328
130	621	1.0
27	492	0.6585288071559555
756	327	0.9454198216819274
524	429	0.6384825439006199
474	108	0.5937093378753155
359	631	0.8643907948190085
753	31	1.0
699	149	0.9827697064318517
524	421	0.7004860261765526
157	99	0.7126809314137167
595	462	0.724323977357815
698	155	0.9353302147375653
199	738	0.7390498800284014
758	310	0.7050061755567871
753	29	1.0
520	462	0.7522582478375948
453	81	0.5743398663728332
772	122	0.7137011566487467
133	658	0.8181990662009275
420	790	0.9460183980478752
235	18	0.6489319078445418
721	721	1.0
396	5	0.7045111212465465
753	81	0.5985764840125356
131	679	0.7040384075973197
130	686	0.732966091211379
241	241	1.0
468	262	0.5811340413289031
105	143	1.0
372	444	0.9837362226906802
270	737	0.7328703628563427
321	5	0.6396968131900418
108	108	1.0
270	739	0.9949361543540305
270	738	0.9889210364049804
44	273	0.8781902086694146
758	361	0.7634248928964038
531	361	0.6783000795354905
666	516	0.8647231678511758
430	642	0.7323682833804492
178	178	1.0
229	482	0.9953513131315544
657	661	0.7686097884816243
402	137	1.0
242	242	1.0
131	686	0.6689240317960917
531	18	1.0
55	109	0.8326559621591714
534	321	0.7322299265910739
51	155	0.7686097884816243
629	154	0.673726194343833
433	602	0.6459010544180068
529	420	0.721855674734356
402	131	0.7347674281661214
109	109	1.0
53	133	0.9349724564991342
108	115	0.940598350845553
270	747	0.7450426821759206
790	790	1.0
657	657	1.0
229	479	0.7305405692954444
39	385	0.7489631163854349
242	217	0.7078844272029072
328	199	0.9459059055620787
238	307	0.7430514875840589
792	745	0.6967636858776838
655	655	1.0
761	270	0.6665139619426167
716	802	0.5811340413289031
39	39	1.0
629	125	0.7373336903021667
131	658	0.8458025887720384
524	450	0.6783000795354905
131	657	0.7199334151836362
105	127	0.7225667706780986
39	34	0.7686097884816243
422	740	0.6141867563353868
361	591	0.7686097884816243
270	714	0.9884472584076963
492	790	0.9141253135088996
534	306	0.8892093944518028
321	3	0.6247141140798211
474	148	0.6493591001262046
141	507	0.7275245301555753
81	619	0.9649227987990477
402	111	1.0
106	121	0.6583004368005156
51	133	0.6783000795354905
402	113	1.0
72	766	0.9533118367095391
39	22	0.9694895575496492
518	573	1.0
52	122	0.8069875296465768
653	686	0.6638698921064328
758	359	0.739795632702069
74	740	0.5685685075649078
426	709	0.7459510694443862
426	705	0.941060041803499
755	41	1.0
459	53	0.6354294362616711
39	361	0.7522582478375948
53	117	0.6926763924634859
658	620	0.8404456910116623
758	350	0.7371161312509511
430	678	0.9916022761502916
772	165	0.735178516516312
91	509	0.7041287584308479
55	138	0.9791474418674194
238	361	0.7455613144212093
47	270	0.6955188764500193
430	672	0.7475544561384825
133	694	0.8155363158722433
403	152	0.5840584912771769
402	169	1.0
237	370	0.9818277607262054
433	635	0.7401259671776033
775	121	0.6151257904203851
136	658	0.7949284958572689
674	404	0.9694895575496492
74	795	1.0
136	657	0.7686097884816243
620	5	0.6783000795354905
724	724	1.0
659	663	0.7265115252947026
541	225	0.9483485104802879
658	676	0.8123303037686535
81	672	0.7462104397900982
310	310	1.0
702	122	0.8746337496728022
150	420	0.7443370141300508
108	165	0.7309203440091264
281	621	0.739795632702069
281	620	0.5985764840125356
385	307	0.7522582478375948
701	132	0.9084786961986303
248	213	0.9496540186770427
238	372	0.7169475282169252
51	197	0.7522582478375948
12	614	0.643670055667612
539	301	0.7147493204458942
136	663	0.776691044060733
725	725	1.0
528	476	0.8176324714340439
674	418	0.6579615212662262
372	492	0.745777804512673
281	614	0.6366258473686068
250	141	0.957630907906655
755	81	0.5985764840125356
81	643	0.739451854631186
540	225	0.6727851929150142
72	790	0.6638676925544071
657	672	0.7686097884816243
758	48	0.7295827682924158
243	243	1.0
721	740	0.6442905475047241
83	621	0.7382298028936044
655	694	0.9909017381624337
429	702	0.7777780455284341
770	165	0.5985764840125356
241	263	0.9664677072507066
52	154	0.6555085718160764
468	285	0.9785580362806728
251	100	0.9664677072507066
764	278	0.7054858751655761
301	421	0.7242319188591347
105	165	0.7342004908548233
301	422	0.9694895575496492
659	642	0.673726194343833
658	658	1.0
382	301	0.7147493204458942
301	420	0.9663724496484188
658	671	0.9571120268017163
772	154	0.6549371794668996
81	657	0.7522582478375948
403	145	0.9785580362806728
77	747	0.9664677072507066
479	122	0.8385227913434099
792	792	1.0
83	635	0.738740104518165
659	659	1.0
83	636	0.7203540373763152
136	642	0.7462104397900982
241	272	0.9664677072507066
48	250	0.7579898128066294
725	700	0.9853338460596134
251	117	0.5858454164058257
401	165	0.6783000795354905
129	769	0.8293120088315763
53	155	0.7319482205621208
80	673	0.8524241680305188
657	678	0.9462743841558812
109	122	0.7536430427566428
728	728	1.0
702	155	0.7467562577699952
204	725	0.7182068722987998
20	509	0.5985764840125356
706	105	0.6709792503508069
150	450	0.709587743193173
290	509	0.5282565601956145
235	96	0.7307935315816414
540	281	0.9297917164368428
544	237	0.6989732279508571
531	89	0.9515554105990663
248	248	1.0
409	122	0.7275001942974568
83	689	0.7673244291407058
698	3	0.7643801082452263
307	417	0.7893531759443849
13	635	0.5985764840125356
283	629	0.6528660901079357
531	81	0.5282565601956145
278	727	0.9653394560654962
542	258	0.7232089978278191
136	690	1.0
428	773	0.9141581187588544
734	606	0.9826425943620025
283	620	0.6585288071559555
205	709	1.0
150	460	0.9642454521884848
237	83	0.7202272851276608
702	165	0.7365000970631499
573	743	1.0
382	382	1.0
573	740	0.6533543705983416
78	792	0.6727851929150142
12	651	0.9785580362806728
540	298	0.6892165833222802
450	407	1.0
309	401	0.6783000795354905
727	740	0.9469387871151262
699	3	0.7915123814669426
146	549	0.8176631685291795
96	503	0.5985764840125356
542	265	0.9144623460847121
534	59	0.8768769684746898
430	699	0.9912079020964442
281	634	0.9804122041295175
55	157	0.7089162414888119
429	747	0.7310638041579154
425	790	0.7267359362877757
758	81	0.7268654529464458
433	653	0.6531598578812559
13	619	0.9649227987990477
573	709	0.739795632702069
136	672	0.9613128893736664
56	152	0.6552558535419295
536	362	0.9317722825687079
727	727	1.0
83	676	0.7739898543837166
147	511	0.9853338460596134
136	686	0.6783000795354905
238	48	0.7083003729307833
136	685	1.0
725	747	0.7462104397900982
235	81	0.725107337567864
251	154	0.6783000795354905
659	691	0.6833958695947897
251	152	0.6504134783828353
250	167	0.8846879004250003
77	790	0.6638676925544071
703	182	0.5674479848092749
702	199	0.7423907722749342
703	181	0.9773863868467193
602	462	0.886417690439243
290	544	0.7201277622228779
258	129	0.6638676925544071
546	250	0.7489631163854349
741	526	0.8709533573053809
627	5	0.7055505246357179
385	372	0.7686097884816243
704	165	0.6783000795354905
278	764	0.7054858751655761
725	790	0.7579898128066294
277	790	0.6783000795354905
452	426	0.7484626944217245
154	452	0.8102499731251511
733	672	0.6783000795354905
385	385	1.0
204	775	0.9905454892271495
544	289	0.9895265086744586
95	558	0.7147493204458942
545	270	0.7013433160199858
554	121	0.7319448887870712
283	672	0.6783000795354905
385	39	0.7489631163854349
204	749	0.9707093110004267
154	426	0.7340503851642501
200	790	0.7007394648922742
574	740	0.8844814422204754
385	359	0.9141581187588544
205	736	1.0
281	676	0.7437140755914323
203	757	0.9650318923535363
778	152	0.6771963636729087
672	492	0.7847156424994288
12	668	0.6528660901079357
13	653	0.5985764840125356
741	507	0.7225667706780986
536	48	0.5903056163821541
539	359	0.6783000795354905
3	524	0.6350521146164279
250	196	0.8915954667983773
238	74	0.9653394560654962
15	634	0.9804122041295175
447	503	0.9653394560654962
679	424	0.9653394560654962
733	657	0.6783000795354905
733	658	0.6607007140731909
702	183	0.7673962345399993
602	450	0.6727851929150142
678	430	0.9916022761502916
309	425	0.8097363221144185
258	118	1.0
205	740	0.7063943386697075
546	241	0.7430514875840589
285	635	0.6689240317960917
545	250	0.7248698604946029
248	270	0.6572634895389937
152	452	0.7091715209898769
385	361	0.7686097884816243
96	520	0.5985764840125356
95	538	0.9204699708357478
152	450	0.7028327910629368
734	698	0.6734858391103821
679	479	0.9785580362806728
578	757	0.968890445608529
52	5	0.7082738147504963
452	450	0.7390810151792675
578	756	0.6755829967222045
452	452	1.0
170	213	1.0
5	524	0.8114433016107938
205	792	0.7286447452103794
319	319	1.0
258	165	0.6783000795354905
20	590	0.9213156961224339
259	152	0.681218856439321
217	602	0.9219795561378157
740	574	0.8844814422204754
585	621	1.0
258	161	1.0
503	755	1.0
453	453	1.0
548	287	1.0
740	591	0.7074484425137322
121	803	1.0
507	728	0.812035389413912
18	663	0.7170052830686587
738	658	0.7344794642727521
259	168	0.9842316694502008
452	462	0.7331056756691161
285	697	0.6992289960830097
738	657	0.7135353666613412
350	758	0.7371161312509511
539	83	0.7109148275152934
747	507	0.7380822009732471
259	165	0.739451854631186
691	255	0.9953513131315544
309	481	0.6783000795354905
802	721	0.9634106911953441
258	178	0.6638698921064328
161	369	1.0
801	734	0.681490224996922
444	593	0.5806299182005679
609	429	0.6478500123977947
212	678	0.9693202017486018
740	586	0.6904491329741331
557	109	0.6783000795354905
278	790	0.7126273741650303
733	686	0.6638698921064328
574	780	0.9909363812097502
679	452	0.6933212696693342
678	462	0.7112113171394455
678	464	0.7042641327024967
154	467	0.9288206468473081
155	450	0.7686097884816243
309	452	0.723706697187194
203	790	0.7494386183797577
389	344	0.6638676925544071
676	482	0.9584106070404736
450	450	1.0
206	755	0.9234916759585114
317	317	1.0
283	686	0.6638698921064328
385	48	0.7579898128066294
152	481	0.789444789998227
585	601	1.0
31	404	1.0
704	180	0.6638698921064328
558	102	0.9584089241672469
26	507	0.7130910482315691
609	410	1.0
574	790	0.6241027406394812
744	524	0.5863610209731619
678	479	0.7028578718165837
319	309	0.6506948295166175
507	702	0.8444344992934387
802	709	0.6783000795354905
728	790	0.6783000795354905
350	731	1.0
213	642	0.6541649768352491
401	5	0.7522582478375948
586	602	0.6572162970819253
204	790	0.7151682034892092
389	357	0.6638698921064328
704	196	0.6638676925544071
590	516	0.967331545246637
605	450	0.6353367485601951
801	711	1.0
157	433	0.735809811244151
385	58	0.9664677072507066
453	426	0.6516040121321133
321	298	0.635906325686834
750	466	0.9435648336095449
354	740	0.6094984733137347
3	591	0.8119440821879232
327	221	1.0
298	534	0.7088231264177864
34	420	0.710361701025981
589	621	0.7893400821445345
331	131	0.8989010125656759
753	426	0.5885508626347815
593	532	0.9646914917418378
34	426	0.7459510694443862
614	12	0.643670055667612
319	359	0.736413925650375
686	389	0.9664677072507066
591	559	0.7686097884816243
41	301	0.6638698921064328
620	243	0.6585288071559555
167	329	0.9417905201268095
614	357	0.6433363106872798
686	382	0.7686097884816243
558	165	0.7415273654726918
559	151	0.7024676737712436
593	548	0.9646914917418378
589	633	0.7267219248045115
225	525	0.7377117639493809
589	635	0.8894310085905256
225	523	0.9875290294210198
298	540	0.6892165833222802
803	756	0.6574214116770011
803	757	1.0
748	534	0.8589181839854672
738	691	0.9889210364049804
697	225	0.7146810893730874
217	659	0.7692154936238743
350	790	0.9331204469927911
3	578	0.6574237667135728
319	361	0.7607286104778723
298	538	0.8985076633669279
32	462	0.6783000795354905
520	520	1.0
745	544	0.7270076184853881
509	712	0.9653394560654962
389	48	0.6689240317960917
321	278	0.9653394560654962
157	471	0.9423277362851027
157	470	0.9423277362851027
748	507	0.6985028679861044
753	404	1.0
96	590	0.7249981657385399
57	6	0.9176968390730887
330	122	0.8843721778842191
738	663	0.7240679236629771
396	262	0.6985074901341745
34	409	0.7686097884816243
620	229	0.6631988669360455
5	585	1.0
747	513	1.0
591	534	0.7579898128066294
586	635	0.7197012127015724
687	350	0.7081731099153209
389	389	1.0
317	358	1.0
108	5	0.7081731099153209
614	335	0.8276603766766584
354	711	0.9330250357951196
158	450	0.6783000795354905
709	165	0.7686097884816243
317	372	1.0
157	483	0.6864034075198224
503	790	0.6689240317960917
361	609	0.7686097884816243
321	281	0.6461937740120235
506	757	0.9652386123250082
744	560	0.5823646170674435
802	748	0.9853338460596134
738	672	0.7389408346345038
168	307	0.7136308946147542
593	520	0.7201090909552434
556	165	0.6474944123256021
122	803	0.9496629910596164
212	699	0.9741314506442973
590	556	0.9445206808298301
646	802	0.5557661655934307
691	270	1.0
317	368	1.0
625	230	0.9520834896519539
650	778	0.7058101411934745
168	361	0.7462104397900982
650	772	0.7047097248285069
468	309	0.5985764840125356
699	237	0.7080204629722061
754	459	0.6403871423088774
755	440	0.9664677072507066
409	5	0.7686097884816243
623	250	0.6783000795354905
100	243	0.5985764840125356
422	801	0.6403871423088774
361	657	0.7686097884816243
166	39	0.7430514875840589
593	571	0.9646914917418378
182	109	0.7223854982741743
524	507	0.70311274976572
761	327	0.8709533573053809
625	225	0.6540258864779478
620	283	0.6585288071559555
168	372	0.7276391796571026
524	524	1.0
459	464	1.0
327	270	0.6665139619426167
130	736	1.0
764	306	0.8664638399953999
100	251	0.9664677072507066
169	359	0.8402640811923783
592	592	1.0
803	790	0.727162380838802
621	281	0.739795632702069
625	237	0.5885508626347815
689	52	0.9753782797721114
333	155	0.7686097884816243
459	459	1.0
359	702	0.9393219103603357
590	590	1.0
298	559	0.7489631163854349
357	725	0.7522582478375948
330	169	0.9271904760487295
457	457	1.0
686	67	0.7367019510486856
130	709	1.0
699	212	0.9741314506442973
621	258	0.7455613144212093
520	539	1.0
319	372	0.9679845320465239
333	122	0.7510595608624918
167	361	0.7288920525185277
591	591	1.0
625	220	1.0
650	764	0.7110468586717551
319	48	0.7258483197237982
595	540	0.777458157468751
327	250	0.6783000795354905
686	78	0.7686097884816243
623	241	0.6638698921064328
361	643	0.9418532742787679
522	522	1.0
522	521	0.9634106911953441
457	462	0.4114083047470608
31	492	0.6630503353572378
225	541	0.9483485104802879
165	32	0.7686097884816243
689	35	0.9685813182649484
165	39	0.7430514875840589
591	581	1.0
169	330	0.9271904760487295
524	559	0.8114433016107938
333	195	0.9694895575496492
338	138	0.9440912942289863
661	642	0.6783000795354905
761	372	0.7538058576979313
721	802	0.9634106911953441
756	470	0.9454198216819274
756	471	0.9454198216819274
595	595	1.0
761	27	0.8709533573053809
225	595	0.7399840807046996
372	525	0.7498651469900348
464	48	0.7199334151836362
531	426	0.6607007140731909
236	420	0.737741194639077
762	358	0.9804122041295175
481	102	1.0
52	217	0.6761689289364115
657	728	0.7686097884816243
225	591	0.7286447452103794
635	109	0.7522582478375948
39	450	0.7686097884816243
762	372	0.9804122041295175
661	658	0.6755829967222045
661	657	0.7686097884816243
529	507	0.7310167530172258
44	357	0.6638698921064328
237	422	0.7234948955256899
474	243	0.5985764840125356
633	146	0.5985764840125356
463	69	0.7128855283229647
185	122	0.5813404071171887
180	188	0.9664677072507066
467	361	0.7379543217279296
658	725	0.9219177372876746
636	109	0.7430514875840589
357	792	0.880328521800822
631	165	0.7343547235102449
663	623	0.9089331181563448
462	77	0.732966091211379
762	368	0.9804122041295175
180	180	1.0
333	199	0.7320825137458328
595	578	0.7424581348892174
167	394	0.95801962505499
39	421	0.7730392496090199
328	270	0.8119924302602897
459	473	1.0
183	121	0.975008684799948
625	250	0.5985764840125356
524	534	0.6689240317960917
650	790	0.735178516516312
633	117	0.5924501565367664
614	78	0.5924501565367664
657	709	0.7686097884816243
361	672	0.9554420278479928
180	154	0.6638698921064328
167	48	0.7154278328695609
619	13	0.9649227987990477
593	593	1.0
631	138	0.9697517279710662
758	421	0.7021710558612766
762	330	0.7384356815300075
41	41	1.0
333	183	0.7544277115616063
520	593	0.7201090909552434
689	83	0.7673244291407058
525	533	0.9716878399150912
44	333	0.6783000795354905
756	463	0.8529200504433057
761	361	0.7686097884816243
756	462	0.7078928470978919
595	584	0.9033312038851045
319	81	0.7258483197237982
464	39	0.7078928470978919
105	217	0.7207457328006294
168	48	0.7220256611524406
242	301	0.8811464895884413
655	740	0.6125217573108963
699	262	0.654881541729711
463	48	0.7293769445836089
229	539	0.6999210263754189
180	165	0.6638698921064328
653	762	0.9694895575496492
658	700	0.9442389333459595
697	285	0.6992289960830097
