216	185	0.38462
193	39	0.36207
120	23	0.5
195	17	0.35676
192	56	0.5979
219	152	0.58537
71	301	0.35336
193	48	0.41753
130	214	0.51613
125	313	0.37366
193	45	0.41753
192	59	0.59816
194	39	0.33579
131	202	0.28507
217	186	0.54545
192	61	0.32417
219	160	0.34686
19	192	0.2483
283	4	0.41379
197	310	0.66162
217	157	0.33702
217	156	0.31847
217	154	0.33071
280	5	0.8296
13	5	0.656
219	133	0.38053
124	300	0.37908
194	10	0.43396
289	185	0.33175
215	185	0.40984
217	161	0.32353
216	172	0.38149
289	195	0.34386
217	169	0.35349
190	66	0.23077
192	43	0.69688
72	301	0.32036
199	305	0.45909
193	34	0.40598
16	198	0.5
196	309	0.2827
121	310	0.76129
287	189	0.37086
289	160	0.32483
288	176	0.42308
216	148	0.41892
19	167	0.23162
218	123	0.25424
207	299	0.29088
215	160	0.3802
17	173	0.44048
138	4	0.78367
16	183	0.48598
217	147	0.32308
122	313	0.31635
208	299	0.28401
191	37	0.29894
218	137	0.27481
208	296	0.29927
19	152	0.20946
18	169	0.39076
191	33	0.28526
219	127	0.36599
215	170	0.41602
123	309	0.2314
18	162	0.3506
214	149	0.5431
120	300	0.43233
207	274	0.30874
206	285	0.55556
213	164	0.28261
194	314	0.30645
208	264	0.30329
212	178	0.22456
213	161	0.31455
285	198	0.80451
136	7	0.41528
289	141	0.8093
213	169	0.29741
209	254	0.29412
195	303	0.28384
216	132	0.39676
17	195	0.35676
207	283	0.29529
212	180	0.23103
216	134	0.40126
208	274	0.2961
213	178	0.3907
269	94	0.375
210	172	0.44478
87	193	0.40598
209	226	0.33333
14	179	0.46667
192	313	0.32126
13	198	0.51942
18	137	0.34146
288	136	0.35135
214	130	0.51613
88	185	0.31749
216	111	0.42671
215	127	0.4611
211	170	0.34911
205	286	0.61607
87	182	0.35586
193	310	0.47619
285	183	0.78195
17	139	0.33333
194	300	0.31579
286	171	0.49708
207	264	0.3036
17	137	0.39726
87	189	0.60648
213	157	0.28571
16	149	0.66972
213	156	0.39103
286	139	0.46707
210	151	0.61682
209	209	1.0
191	301	0.25827
268	84	0.34499
287	128	0.28701
15	184	0.23643
285	149	0.60795
214	113	0.61792
81	6	0.24779
17	164	0.37374
288	117	0.36898
278	278	1.0
268	98	0.33333
288	120	0.42922
15	179	0.23505
277	298	0.66165
211	152	0.66456
19	127	0.235
19	129	0.23273
286	147	0.41667
215	106	0.42826
279	279	1.0
18	145	0.3447
207	243	0.32731
278	285	0.33816
17	155	0.4183
18	140	0.54839
17	156	0.32331
15	126	0.24272
10	185	0.39791
11	170	0.35405
276	276	1.0
268	65	0.48346
16	113	0.46025
277	266	0.64505
274	299	0.44663
86	160	0.3475
280	183	0.52
200	297	0.375
276	270	0.35417
210	134	0.46598
210	132	0.97928
279	246	0.36992
285	130	0.80142
211	127	0.41156
88	148	0.31457
287	107	0.29268
277	267	0.43327
208	208	1.0
17	105	0.34742
278	254	0.35149
267	82	0.49896
212	118	0.26829
266	95	0.44595
208	201	0.2877
202	276	0.35306
281	185	0.25949
277	270	0.47671
69	94	0.45176
16	101	0.54902
15	111	0.23472
85	169	0.38956
10	171	0.39662
277	275	0.7619
204	254	0.34503
282	175	0.51679
15	114	0.24138
277	277	1.0
211	133	0.35492
210	148	0.45213
286	121	0.45402
275	298	0.69841
85	161	0.43805
280	198	0.535
79	279	0.52542
286	124	0.37395
85	171	0.34914
84	181	0.38
285	144	0.65468
11	167	0.32048
214	101	0.71429
12	152	0.34943
282	179	0.44326
267	94	0.50547
212	128	0.223
288	109	0.36036
15	148	0.25557
139	164	0.36765
277	242	0.44094
203	236	0.43694
281	159	0.66138
264	94	0.57888
201	260	0.36876
269	33	0.52522
86	185	0.35849
18	109	0.34894
275	266	0.58108
275	267	0.45984
210	111	0.46973
283	138	0.39659
274	283	0.43786
206	206	1.0
275	270	0.41892
282	148	0.45714
203	240	0.37979
282	151	0.4209
10	194	0.43396
139	171	0.36453
203	246	0.40625
285	113	0.98519
200	286	1.0
275	275	1.0
285	116	0.66443
268	59	0.35417
275	277	0.7619
85	185	0.35433
269	40	0.51044
283	148	0.41357
89	148	0.39213
265	96	0.18182
265	95	0.19005
12	170	0.44818
207	207	1.0
266	83	0.53293
204	204	1.0
81	183	0.26786
267	33	0.42297
271	296	0.36763
80	192	0.52632
275	242	0.42287
263	85	0.33505
67	80	0.34868
79	246	0.49275
204	206	0.40136
276	230	0.3583
67	83	0.3467
283	115	0.43506
265	64	0.18056
202	230	0.95989
12	127	0.46462
273	278	0.26633
274	264	0.51083
88	106	0.36975
138	162	0.39273
272	283	0.37895
69	69	1.0
272	284	0.46894
82	171	0.55422
81	187	0.30952
82	172	0.55841
81	188	0.27434
273	273	1.0
86	114	0.37523
138	169	0.37868
268	30	0.35959
68	68	1.0
76	270	0.33929
86	111	0.38249
282	132	0.41082
281	148	0.25385
284	106	0.5625
205	205	1.0
75	283	0.30238
274	269	0.4426
84	133	0.55069
139	156	0.4125
263	93	0.61644
205	200	0.61607
12	115	0.33225
66	94	0.35043
13	101	0.71956
274	274	1.0
11	127	0.39394
66	91	0.32299
282	134	0.38168
10	139	0.60804
138	171	0.37349
203	231	0.60166
138	138	1.0
128	298	0.36822
276	210	0.33175
271	271	1.0
15	102	0.28897
271	274	0.37004
14	119	1.0
276	216	0.34608
68	97	0.37126
135	172	0.36494
135	171	0.32692
85	157	0.58824
134	185	0.42077
139	124	0.39759
83	185	0.4417
89	111	0.41204
13	130	0.53521
82	197	0.41026
202	216	0.34848
137	155	0.30102
82	193	0.40794
69	86	0.59357
11	152	0.3693
272	266	0.36364
77	296	0.21207
69	89	0.4241
77	281	0.2314
270	298	0.46254
261	96	0.21226
203	203	1.0
281	126	0.28906
272	270	0.35961
14	101	0.41159
139	139	1.0
13	113	0.63942
270	293	0.59341
262	87	0.30131
78	279	0.5665
278	206	0.36066
136	172	0.38664
84	160	0.46407
83	176	0.45659
135	185	0.36111
282	111	0.42608
88	111	0.32783
272	272	1.0
87	128	0.3861
88	112	0.31338
83	172	0.409
282	114	0.42341
265	58	0.18182
81	198	0.26087
201	239	0.29899
272	277	0.40103
283	102	0.40136
262	51	0.32331
270	266	0.54259
129	268	0.3427
118	94	0.35201
201	201	1.0
264	33	0.50954
273	235	0.26667
273	236	0.28788
127	295	0.26854
10	105	0.38652
201	208	0.2877
82	134	0.51509
76	244	0.35052
81	144	0.28571
76	245	0.30581
265	23	0.18217
280	113	0.49554
261	79	0.26115
62	97	0.312
270	275	0.41892
276	202	0.35306
270	277	0.47671
262	60	0.30804
133	181	0.42013
261	75	0.25888
80	141	0.34868
137	137	1.0
74	259	0.35821
281	104	0.2577
271	264	0.36461
67	30	0.35
263	53	0.29317
270	270	1.0
134	172	0.87686
65	65	1.0
82	124	0.56314
273	246	0.26496
64	79	0.3348
82	120	0.41837
137	145	0.35865
266	23	0.50622
82	121	0.47692
77	222	0.23494
64	74	0.43966
265	36	0.18114
202	202	1.0
260	94	0.34734
68	26	0.38571
75	278	0.2963
137	109	0.35238
133	152	0.32662
261	45	0.27329
199	293	0.41393
137	105	0.30522
67	67	1.0
84	126	0.38698
129	245	0.32292
263	22	0.28866
75	272	0.27841
268	309	0.33203
75	273	0.29167
273	209	0.27049
73	298	0.28384
128	257	0.3697
262	34	0.30131
199	298	0.40784
261	48	0.27329
78	246	0.58667
136	120	0.47959
272	225	0.43195
135	135	1.0
125	295	0.34571
135	134	0.36348
268	313	0.43155
65	94	0.37607
132	172	0.43902
260	66	0.64938
271	233	0.33167
77	256	0.21443
86	107	0.35441
10	124	0.44086
130	198	0.65217
76	268	0.30164
272	223	0.34948
11	110	0.31358
138	105	0.38144
81	150	0.29091
80	167	0.92913
133	160	0.45455
67	56	0.35294
85	105	0.33692
200	200	1.0
75	260	0.3844
129	255	0.33582
66	69	0.34437
134	151	0.43259
84	112	0.37138
73	288	0.32474
269	307	0.34592
66	66	1.0
135	148	0.33208
83	134	0.40782
65	86	0.35543
83	136	0.40657
118	82	0.34475
200	205	0.61607
117	95	0.37037
273	225	0.26721
65	84	0.35593
274	210	0.42503
73	293	0.2963
260	75	0.3844
136	136	1.0
69	33	0.39448
119	38	0.44298
114	94	0.36754
198	285	0.80451
260	36	0.79888
62	62	1.0
60	87	0.5815
74	221	0.30165
133	133	1.0
199	275	0.34675
132	148	0.4478
189	93	0.35217
64	48	0.33047
60	93	0.34025
135	111	0.3274
71	267	0.33384
125	270	0.33079
124	286	0.37395
64	45	0.33047
262	18	0.43617
127	251	0.75127
136	106	0.42821
71	264	0.36746
126	264	0.34573
70	275	0.4186
271	215	0.33333
267	301	0.47668
70	277	0.4
125	276	0.32547
115	94	0.50177
261	30	0.21531
132	151	0.6072
131	167	0.2948
134	134	1.0
129	234	0.57875
61	61	1.0
134	132	0.46051
130	183	0.63043
272	215	0.40271
263	18	0.28421
64	39	0.45041
117	73	0.29121
124	297	0.44074
71	258	0.3415
72	243	0.30565
126	276	0.37524
126	274	0.36653
118	66	0.39554
70	266	0.42701
67	28	0.34101
119	16	0.45296
121	297	0.60714
119	13	0.44523
127	221	0.37083
119	14	1.0
62	82	0.29155
61	94	0.37143
116	50	0.55
66	36	0.57518
133	112	0.31376
61	90	0.39229
133	111	0.31415
196	293	0.29699
72	274	0.31378
123	278	0.19444
118	36	0.42796
265	305	0.18876
197	286	0.32618
131	141	0.28671
76	229	0.46842
64	64	1.0
118	33	0.34394
70	298	0.5
117	47	0.36
122	295	0.3074
132	134	0.46051
75	225	0.3193
114	86	0.37523
80	125	0.35754
132	132	1.0
127	233	0.41989
61	89	0.42513
116	63	0.66443
134	111	0.48503
133	126	0.32967
61	84	0.36447
261	18	0.23529
199	266	0.37586
128	224	0.42683
82	105	0.47039
260	33	0.37838
71	274	0.35667
197	297	0.5654
189	87	0.60648
125	268	0.34286
266	305	0.45679
63	63	1.0
135	105	0.34739
80	129	0.56329
121	277	0.34323
204	1	0.584
125	229	0.36434
120	288	0.42922
122	268	0.32798
199	232	0.39262
195	289	0.34386
130	130	1.0
116	38	0.56494
196	272	0.28333
124	246	0.44964
117	23	0.33333
67	313	0.33436
196	270	0.2809
187	79	0.1405
116	35	0.67347
111	94	0.65134
199	239	0.35739
279	6	0.37705
63	13	0.64563
112	86	0.33276
112	84	0.37138
62	26	0.28289
127	215	0.4611
122	274	0.31275
62	10	0.28571
132	111	0.45903
127	211	0.41156
121	286	0.45402
131	125	0.29825
116	42	0.57353
199	247	0.34076
187	81	0.30952
263	312	0.54217
60	34	0.5815
205	6	0.36508
127	219	0.36599
114	69	0.36538
263	314	0.30272
123	261	0.36364
264	301	0.45971
196	284	0.2651
189	60	0.9322
112	91	0.40323
195	295	0.28021
197	275	0.34431
131	131	1.0
71	210	0.36483
196	288	0.25781
130	144	0.80165
125	245	0.3587
125	244	0.33524
112	94	0.3678
114	33	0.37351
120	266	0.43911
187	51	0.13235
110	84	0.30482
188	42	0.47482
71	249	0.40395
277	7	0.41776
110	88	0.29204
123	235	0.63636
189	34	0.60648
130	116	0.55263
184	94	0.41889
63	35	0.98496
130	113	0.79021
112	66	0.35649
188	46	0.41333
185	83	0.4417
203	7	0.36437
112	69	0.3615
126	202	0.34247
203	4	0.40753
116	20	0.65354
115	33	0.50935
193	297	0.38961
68	310	0.37059
60	60	1.0
64	10	0.38202
188	50	0.475
113	63	0.98519
196	268	0.25938
70	242	0.42236
62	36	0.28856
63	20	0.64029
132	301	0.42204
298	176	0.72539
226	147	0.15385
227	130	0.43182
209	81	0.77083
131	313	0.28531
208	94	0.32854
9	161	0.27937
224	176	0.36214
297	193	0.38961
297	197	0.5654
27	171	0.37008
7	176	0.57843
229	125	0.36434
29	159	0.29684
224	180	0.44534
226	123	0.5
9	185	0.29412
0	0	1.0
217	279	0.30198
228	101	0.2037
0	4	0.26531
227	113	0.52529
219	251	0.32337
219	250	0.3575
297	171	0.34746
297	172	0.36219
299	146	0.44505
299	148	0.42197
207	94	0.32413
29	184	0.29459
228	114	0.2104
228	113	0.2212
218	273	0.18462
7	199	0.4321
217	286	0.29885
222	184	0.22485
9	177	0.27626
147	6	0.49074
216	264	0.43849
27	145	0.41115
298	136	0.44702
288	298	0.39381
6	154	0.36207
216	267	0.40062
209	42	0.33945
24	186	0.18939
19	287	0.21324
23	199	0.46018
222	159	0.28478
217	259	0.34286
293	199	0.41393
215	284	0.42667
28	131	0.38222
289	289	1.0
209	50	0.28261
216	274	0.38911
221	170	0.45098
220	185	0.36287
299	134	0.40939
25	159	0.66138
6	147	0.49074
208	69	0.28391
227	101	0.61562
4	179	0.38497
29	118	0.33333
24	171	0.17222
289	295	0.32282
28	125	0.3694
295	181	0.40764
99	169	0.36934
295	185	0.35944
287	287	1.0
208	33	0.28261
27	161	0.32841
288	275	0.36713
224	109	0.35887
293	176	0.45662
288	277	0.39175
279	70	0.39056
220	151	0.34333
297	121	0.60714
286	297	0.375
216	248	0.51068
203	99	0.39068
25	185	0.25949
26	171	0.34677
297	124	0.44074
279	79	0.52542
203	96	0.55752
279	78	0.5665
209	20	0.35238
219	211	0.80844
29	145	0.26513
29	146	0.2887
29	148	0.25292
5	198	0.51442
299	102	0.42928
219	219	1.0
224	117	0.58152
27	169	0.48249
289	268	0.33846
206	63	0.55556
221	152	0.34557
220	168	0.34186
297	139	0.39545
28	141	0.34101
27	157	0.3551
292	199	0.16532
225	106	0.3377
8	146	0.23605
8	145	0.24688
288	288	1.0
296	148	0.46437
6	169	0.4359
209	32	0.57447
209	31	0.85417
223	137	0.37278
218	238	0.19091
224	120	0.43802
214	280	0.55725
218	236	0.23718
5	183	0.5
296	151	0.35696
218	235	0.21622
9	135	0.3139
220	172	0.34137
224	128	0.42683
215	272	0.40271
299	115	0.4052
295	160	0.4913
214	285	0.62381
291	179	0.24949
220	134	0.33862
202	86	0.9555
220	132	0.41696
215	233	0.64048
202	83	0.36456
97	156	0.54545
206	38	0.49032
222	112	0.21869
20	183	0.76106
221	127	0.37083
203	79	0.37559
25	126	0.28906
296	115	0.40909
291	175	0.25255
220	139	0.33333
202	89	0.38671
295	133	0.54545
218	203	0.21111
276	94	0.33831
217	217	1.0
222	115	0.22619
99	138	0.77682
205	51	0.48276
3	153	0.29041
214	254	0.58962
206	46	0.55147
22	169	0.26217
7	109	0.59223
2	168	0.29642
218	209	0.19231
214	252	0.632
289	245	0.34393
27	105	0.33333
223	106	0.31962
206	42	0.47826
277	83	0.51075
21	164	0.35897
98	131	0.25899
202	94	0.38443
15	278	0.24252
149	198	0.71333
288	266	0.39216
207	33	0.31343
15	274	0.25592
286	286	1.0
211	295	0.37204
0	179	0.25893
221	133	0.2981
206	50	0.6
19	234	0.31606
95	176	0.58788
222	126	0.24351
4	138	0.78367
296	132	0.37371
291	191	0.94636
215	251	0.52493
298	109	0.5
294	152	0.29091
2	157	0.29167
99	120	0.37809
218	218	1.0
215	215	1.0
210	274	0.42503
202	65	0.36229
26	139	0.32377
17	284	0.29439
2	182	0.3815
1	198	0.42657
278	46	0.3587
214	227	0.63158
8	112	0.29437
287	248	0.30296
278	42	0.36517
204	42	0.37931
203	58	0.55752
275	83	0.49319
25	148	0.25385
95	199	0.57377
202	69	0.59245
7	120	0.48684
274	94	0.59332
289	229	0.32636
23	176	0.63441
204	46	0.58015
24	161	0.18617
18	279	0.34667
278	50	0.40523
293	136	0.35144
9	106	0.28306
17	286	0.29139
283	299	0.52816
206	20	0.50376
4	162	0.39016
284	284	1.0
216	210	0.40058
1	188	0.40972
210	282	0.4104
3	162	0.32646
287	257	0.32323
97	164	0.34074
21	182	0.60714
20	198	0.75652
288	242	0.37013
26	124	0.33663
292	158	0.21003
26	120	0.36842
16	280	0.56226
0	196	0.26
216	216	1.0
21	180	0.38942
291	163	0.2511
96	179	0.35222
204	50	0.44538
279	48	0.55618
24	147	0.25
1	183	0.43571
279	45	0.55618
24	154	0.23232
276	86	0.35644
19	251	0.23223
285	285	1.0
222	104	0.34641
217	205	0.33577
290	185	0.32019
212	263	0.25118
296	111	0.46681
212	262	0.23404
18	262	0.43617
278	63	0.33816
149	183	0.69333
213	259	0.31016
206	35	0.56291
201	94	0.30685
8	104	0.23676
21	189	0.38974
140	7	0.41633
201	91	0.34113
140	4	0.36246
149	149	1.0
281	295	0.27473
0	149	0.25912
282	282	1.0
149	144	0.56329
273	81	0.2807
91	185	0.3594
78	78	1.0
20	144	0.97938
2	121	0.31156
78	79	0.52632
278	20	0.3815
146	184	0.44485
204	20	0.39007
279	18	0.34667
210	258	0.42383
14	252	0.48162
23	109	0.62304
14	254	0.52294
291	134	0.25133
284	263	0.33962
147	171	0.40278
203	39	0.38618
77	91	0.21339
17	223	0.31973
283	274	0.43786
98	108	0.25468
94	151	0.46936
213	224	0.31858
88	264	0.31367
92	161	0.16827
87	262	0.30131
201	69	0.32933
278	35	0.34146
201	66	0.31237
79	51	0.41406
214	214	1.0
86	276	0.35644
203	45	0.36364
20	130	0.78512
275	70	0.4186
291	142	0.27239
90	181	0.34058
211	251	0.35873
210	267	0.45797
14	241	0.43333
211	250	0.34444
273	99	0.37872
210	264	0.45623
77	77	1.0
212	247	0.22985
147	186	0.39623
204	38	0.52349
205	21	0.36719
94	148	0.61123
88	258	0.31088
22	118	0.32808
203	48	0.36364
21	128	0.57222
283	283	1.0
213	238	0.29012
294	111	0.26746
284	272	0.46894
16	227	0.54426
16	254	0.56621
139	286	0.46707
291	115	0.25833
201	36	0.35435
93	180	0.3374
144	183	0.74783
143	199	0.24051
78	99	0.4
16	252	0.69672
282	264	0.4416
271	89	0.38569
25	104	0.2577
280	285	0.48661
96	140	0.89529
291	111	0.25091
1	150	0.40559
19	221	0.25128
14	280	0.44964
147	154	0.56944
212	213	0.23651
212	212	1.0
5	113	0.54505
149	130	0.49724
89	271	0.38569
22	145	0.27113
277	23	0.42907
18	231	0.35294
282	267	0.37519
292	108	0.20763
213	203	0.28696
93	189	0.35217
89	274	0.37532
97	139	0.41848
147	157	0.37778
271	94	0.40951
92	199	0.25
88	284	0.44
98	125	0.28889
200	51	0.43333
139	298	0.37333
273	75	0.29167
139	297	0.39545
92	184	0.17299
79	78	0.52632
1	144	0.44776
292	110	0.18621
79	79	1.0
272	88	0.34698
87	287	0.38585
148	148	1.0
287	215	0.29386
282	274	0.4
20	150	0.592
281	281	1.0
144	198	0.77391
13	285	0.64563
19	211	0.23134
293	109	0.47727
283	269	0.4127
17	238	0.51351
5	101	0.53947
99	105	0.36808
213	217	0.29348
200	68	0.46897
3	120	0.27986
23	120	0.5
13	280	0.53788
283	264	0.46202
213	213	1.0
88	272	0.34698
148	151	0.43105
88	274	0.30759
272	53	0.63259
148	115	0.45927
200	26	0.48768
85	259	0.35514
73	95	0.3681
13	227	0.78077
90	152	0.34381
274	33	0.74436
14	214	0.46263
0	101	0.28531
285	206	0.55556
210	210	1.0
290	106	0.32997
205	310	0.36735
146	148	0.37733
93	128	0.34583
146	146	1.0
270	83	0.57182
89	215	0.37018
275	23	0.48327
94	115	0.50177
76	67	0.30483
284	223	0.57216
129	80	0.56329
284	225	0.39024
94	111	0.65134
138	283	0.39659
82	297	0.54444
75	75	1.0
91	148	0.36319
11	251	0.4247
283	233	0.38697
149	116	0.58683
139	275	0.39493
286	205	0.61607
281	264	0.25307
149	113	0.61017
86	230	0.96247
90	148	0.3432
211	211	1.0
72	94	0.33655
285	214	0.62381
286	200	1.0
72	90	0.30836
13	214	0.76923
145	161	0.26596
210	220	0.41156
211	219	0.80844
89	202	0.38671
83	277	0.51075
211	215	0.32584
88	215	0.34971
75	66	0.29219
12	233	0.62069
145	169	0.32168
83	275	0.49319
280	280	1.0
79	18	0.42487
276	28	0.32
83	270	0.57182
148	132	0.4478
147	147	1.0
143	190	0.25995
207	307	0.28544
74	74	1.0
126	94	0.37471
126	91	0.36724
79	45	0.94531
281	233	0.26695
1	116	0.41333
128	70	0.3913
95	117	0.37037
280	241	0.6
144	144	1.0
13	252	0.65041
141	185	0.32908
94	134	0.48724
84	295	0.81266
13	254	0.54378
135	299	0.34168
17	205	0.34513
145	137	0.35865
279	303	0.36816
75	99	0.30743
94	132	0.49476
89	233	0.35862
148	102	0.45906
76	80	0.39057
89	230	0.37997
16	214	0.688
79	48	0.94531
87	257	0.42368
20	113	0.63121
273	31	0.27119
78	48	0.56316
10	275	0.36335
20	116	0.65354
144	150	0.58268
204	311	0.41579
14	227	0.41975
95	109	0.57647
78	45	0.56316
145	145	1.0
273	39	0.26484
280	252	0.75439
90	160	0.35524
280	254	0.50917
272	49	0.54017
85	263	0.33505
141	195	0.33074
283	225	0.38995
76	76	1.0
128	87	0.3861
146	132	0.37099
145	146	0.31293
284	215	0.42667
83	298	0.51282
138	273	0.41014
87	248	0.34694
12	251	0.57742
148	111	0.59915
83	293	0.44937
200	21	0.37107
10	277	0.36036
271	61	0.37092
136	298	0.44702
133	295	0.54545
86	202	0.9555
142	148	0.39281
280	227	0.68635
125	84	0.32823
276	314	0.47922
72	61	0.29329
127	61	0.27356
90	111	0.36909
140	179	0.3439
75	36	0.3252
70	95	0.42132
11	219	0.33186
199	95	0.57377
146	102	0.35855
75	39	0.27341
11	215	0.35684
271	33	0.346
11	211	0.31796
75	30	0.33333
141	167	0.3375
129	43	0.75768
136	266	0.42814
91	106	0.35897
144	130	0.80165
138	246	0.4566
143	143	1.0
281	222	0.33046
137	259	0.29412
84	219	0.37967
84	215	0.3501
126	86	0.34305
84	211	0.3618
126	84	0.38698
136	275	0.425
71	71	1.0
146	111	0.35597
128	60	0.38281
74	39	0.35443
70	83	0.40597
282	210	0.4104
129	59	0.65436
129	56	0.66279
137	262	0.5
136	277	0.39418
73	47	0.42361
143	110	0.2314
73	73	1.0
72	89	0.30885
200	310	0.43529
139	205	0.45324
134	264	0.46924
77	25	0.2314
90	133	0.38241
143	118	0.23884
71	94	0.38371
139	200	0.46707
141	141	1.0
136	242	0.41299
127	49	0.26934
83	266	0.53293
128	34	0.3861
83	267	0.39674
92	118	0.17027
12	221	0.34375
134	267	0.96429
11	233	0.37473
124	82	0.56314
136	246	0.3858
270	23	0.42373
92	110	0.20818
91	126	0.36724
74	64	0.43966
125	76	0.708
91	112	0.40323
280	214	0.55725
81	273	0.2807
80	289	0.32258
10	232	0.37829
137	238	0.70248
85	225	0.35018
134	277	0.44622
76	28	0.4067
144	116	0.64341
126	69	0.39241
72	72	1.0
134	275	0.47412
126	66	0.34286
144	113	0.64539
143	126	0.22091
12	215	0.63158
135	267	0.35667
82	267	0.49896
135	264	0.36446
92	108	0.25472
217	6	0.38217
127	55	0.62656
76	30	0.37209
125	80	0.35754
142	142	1.0
86	216	0.34454
74	51	0.325
141	155	0.35088
140	169	0.37548
132	267	0.45255
196	83	0.28075
133	250	0.31818
80	234	0.62948
132	264	0.44933
142	102	0.35846
137	203	0.29646
214	5	0.55805
198	63	0.80451
197	79	0.325
142	111	0.41279
123	79	0.2314
81	226	0.30952
143	103	0.24733
143	100	0.23077
142	115	0.40957
132	274	0.41491
122	90	0.31164
274	301	0.44806
197	82	0.41026
131	290	0.29595
123	81	0.24528
128	23	0.4087
128	21	0.57222
122	94	0.34976
140	140	1.0
137	223	0.37278
132	282	0.41082
195	78	0.28626
195	76	0.29213
123	48	0.21875
125	28	0.3694
124	39	0.47126
122	65	0.36226
121	79	0.34359
79	310	0.42938
70	70	1.0
198	42	0.60938
195	80	0.30323
123	54	0.22034
135	215	0.33333
272	300	0.37677
125	30	0.35556
72	33	0.30339
198	50	0.58929
121	82	0.47692
132	258	0.42443
288	7	0.36937
127	12	0.46462
127	11	0.39394
131	276	0.31771
73	23	0.33166
130	285	0.80142
74	10	0.34524
132	220	0.41696
285	5	0.53604
131	234	0.31541
74	303	0.53591
124	10	0.44086
74	300	0.31502
133	211	0.35492
129	309	0.31597
193	82	0.40794
133	219	0.38053
198	20	0.75652
270	305	0.36545
123	31	0.27273
193	87	0.40598
196	53	0.28086
120	70	0.5307
195	67	0.33074
197	45	0.32114
134	210	0.46598
120	78	0.46581
14	5	0.41724
73	305	0.41436
286	6	0.58088
198	35	0.81679
121	68	0.42353
197	48	0.32114
129	313	0.33077
123	45	0.21875
122	59	0.30837
271	301	0.34375
198	38	0.54305
199	23	0.46018
194	82	0.34985
190	94	0.23059
126	314	0.3677
219	170	0.32732
120	45	0.4381
70	23	0.52607
193	60	0.33884
120	48	0.4381
76	309	0.38605
81	209	0.77083
121	39	0.34783
131	229	0.29825
132	210	0.97928
192	80	0.52632
193	79	0.43316
131	230	0.28904
16	5	0.51799
227	254	0.44569
28	293	0.31604
298	298	1.0
227	252	0.71805
299	283	0.52816
8	294	0.22864
218	58	0.18325
9	284	0.28571
38	130	0.55346
28	290	0.32422
231	162	0.35254
37	142	0.29126
154	6	0.36207
234	131	0.31541
34	189	0.60648
39	124	0.47126
230	185	0.3499
225	284	0.39024
29	281	0.2545
235	123	0.63636
225	283	0.38995
34	182	0.35586
236	119	0.36187
219	55	0.32836
32	198	0.22936
232	161	0.34256
9	271	0.29499
299	299	1.0
7	293	0.46637
7	298	0.55708
228	252	0.20438
19	80	0.24803
18	96	0.51131
225	290	0.33022
229	245	0.3384
229	244	0.325
216	94	0.44015
234	141	0.29478
298	275	0.69841
213	97	0.35484
298	277	0.66165
38	150	0.50327
299	264	0.72487
231	140	0.48315
298	270	0.46254
297	286	0.375
217	51	0.31818
35	198	0.81679
233	127	0.41989
228	228	1.0
228	227	0.20938
223	284	0.57216
299	269	0.47337
289	83	0.32383
225	263	0.34091
289	80	0.32258
230	160	0.34146
307	4	0.35831
38	144	0.63971
227	241	0.52595
299	274	0.44663
153	5	0.37356
297	297	1.0
223	290	0.35918
29	299	0.25775
35	183	0.79389
218	54	0.95652
226	261	0.18987
39	138	0.41699
234	129	0.57875
229	229	1.0
225	272	0.43195
224	288	0.33191
34	193	0.40598
226	226	1.0
19	56	0.3125
289	59	0.41066
19	59	0.24409
7	266	0.48249
289	56	0.32192
36	118	0.42796
215	53	0.40786
36	115	0.33226
227	214	0.63158
214	63	0.62381
6	279	0.37705
287	87	0.38585
288	70	0.35931
305	7	0.5
223	263	0.54615
215	55	0.63401
232	118	0.35681
35	130	0.78723
287	80	0.29333
212	93	0.23077
295	295	1.0
98	295	0.25581
226	235	0.38636
219	11	0.33186
298	266	0.74222
15	91	0.23589
289	67	0.8093
36	106	0.34483
26	266	0.31818
18	58	0.51131
32	150	0.25962
19	43	0.24265
8	243	0.25636
223	272	0.34948
227	227	1.0
36	103	0.61021
297	275	0.4106
232	124	0.33832
35	113	0.97037
297	277	0.375
222	281	0.33046
89	94	0.3887
35	116	0.67347
5	285	0.53604
25	281	1.0
33	148	0.51432
29	233	0.28228
24	292	0.20139
233	115	0.35873
296	296	1.0
287	93	0.28664
228	214	0.21147
218	32	0.21667
28	245	0.30605
218	31	0.20548
234	108	0.3037
5	280	0.8296
224	266	0.34948
306	9	0.29213
28	244	0.30588
303	6	0.3631
220	277	0.36804
32	188	0.25472
293	293	1.0
37	122	0.24262
284	93	0.32296
230	114	0.37732
31	198	0.28448
32	183	0.23585
288	47	0.53741
296	256	0.59966
226	209	0.33333
26	297	0.32364
35	149	0.61494
210	94	0.50232
287	60	0.35669
296	264	0.41065
225	223	0.44292
293	298	0.42017
39	105	0.43462
211	84	0.3618
38	116	0.56494
28	276	0.32
37	115	0.21582
37	111	0.24079
18	79	0.42487
31	187	0.34091
225	225	1.0
31	188	0.28696
31	183	0.29204
296	267	0.35952
6	286	0.58088
26	286	0.48768
232	102	0.37374
25	295	0.27473
7	275	0.46831
224	242	0.32849
216	33	0.37892
215	49	0.5
35	144	0.66423
296	271	0.36763
211	90	0.38983
296	274	0.40531
294	294	1.0
155	195	0.76608
293	270	0.59341
97	275	0.32404
159	148	0.36543
89	69	0.4241
286	51	0.43333
157	171	0.38776
95	298	0.52717
285	63	1.0
30	141	0.35
220	258	0.43838
89	61	0.42513
223	225	0.44292
5	252	0.68595
223	223	1.0
16	57	0.50171
222	237	0.23362
87	93	0.32794
33	115	0.50935
23	275	0.48327
215	12	0.63158
23	277	0.42907
33	111	0.47763
22	287	0.27414
283	94	0.39364
293	277	0.35443
15	65	0.27253
3	279	0.28676
98	268	0.33333
211	61	0.52392
19	19	1.0
230	107	0.35616
221	251	0.43096
220	267	0.33448
18	18	1.0
98	253	0.47716
21	286	0.37107
12	89	0.35135
8	201	0.25124
30	138	0.36861
159	159	1.0
98	250	0.26948
31	123	0.27273
25	233	0.26695
214	35	0.62981
12	85	0.33426
292	292	1.0
284	88	0.44
5	241	0.54941
87	87	1.0
286	68	0.46897
295	268	0.36139
23	266	0.50622
95	293	0.57988
230	111	0.36899
86	94	0.38321
212	62	0.23432
33	102	0.52154
99	246	0.3931
294	274	0.26741
287	59	0.29067
224	224	1.0
223	238	0.36111
8	207	0.25761
284	53	0.54348
284	52	0.44
32	144	0.25253
212	22	0.42128
89	89	1.0
154	186	0.39423
18	48	0.43147
149	285	0.60795
31	150	0.31532
213	17	0.28571
89	86	0.38265
18	45	0.43147
156	164	0.44554
6	259	0.4359
291	274	0.26423
297	200	0.375
221	221	1.0
212	29	0.2956
25	264	0.25307
292	260	0.16129
24	286	0.18543
290	290	1.0
157	157	1.0
34	128	0.3861
23	298	0.59901
281	91	0.28659
290	295	0.32374
23	293	0.5
3	298	0.28231
33	134	0.41785
3	297	0.28425
8	237	0.23304
159	132	0.31672
27	246	0.38516
99	273	0.37872
98	289	0.2408
27	247	0.3642
300	7	0.38806
4	283	0.41379
220	242	0.42647
97	286	0.35593
31	144	0.31132
97	288	0.335
222	222	1.0
214	13	0.76923
157	161	0.42
156	176	0.3587
26	242	0.33616
221	233	0.32727
284	66	0.33002
88	88	1.0
17	51	0.31193
157	169	0.43868
29	212	0.2956
16	63	0.45798
214	16	0.688
28	229	0.76613
291	291	1.0
293	266	0.4
288	23	0.38164
211	55	0.35328
29	210	0.25449
158	158	1.0
9	215	0.32135
282	94	0.43416
287	34	0.38585
30	108	0.3434
220	210	0.41156
96	246	0.35294
12	55	0.64923
292	244	0.16245
154	164	0.36709
153	179	0.36831
92	292	0.18405
84	84	1.0
283	40	0.42474
285	20	0.64029
216	301	0.39855
96	240	0.40767
155	155	1.0
86	69	0.59357
16	13	0.63424
295	211	0.37204
86	65	0.35543
10	82	0.38264
94	274	0.59332
290	272	0.336
138	99	0.77682
295	215	0.37219
2	248	0.2987
3	231	0.35179
154	171	0.30065
307	184	0.48024
159	111	0.32951
98	229	0.24038
14	38	0.44298
158	126	0.3093
294	221	0.26816
93	284	0.32296
148	282	0.45714
291	267	0.2513
91	299	0.38087
12	49	0.33713
13	35	0.63592
220	220	1.0
96	236	0.37395
91	295	0.35038
20	254	0.58865
159	115	0.34855
96	231	0.44853
24	205	0.21429
156	156	1.0
221	215	0.34759
83	83	1.0
284	49	0.49524
295	219	0.38095
221	211	0.2956
0	256	0.26891
155	167	0.28477
291	264	0.25231
11	55	0.40162
286	26	0.48768
94	267	0.50547
157	147	0.37778
281	84	0.2833
11	61	0.34252
139	97	0.41848
99	203	0.39068
15	12	0.23853
308	189	0.34769
286	21	0.37107
217	303	0.34078
94	264	0.57888
222	201	0.22459
15	15	1.0
296	210	0.3861
285	35	0.98496
148	299	0.42197
98	217	0.27358
148	296	0.46437
294	233	0.27545
154	147	0.56944
6	217	0.38217
30	125	0.35556
20	285	0.64029
292	223	0.16667
13	63	0.64563
25	222	0.33046
5	227	0.80934
150	198	0.49645
155	137	0.30102
17	17	1.0
88	52	1.0
95	277	0.369
88	53	0.37292
155	133	0.27479
94	299	0.46509
4	246	0.39542
152	170	0.34819
138	78	0.41699
94	296	0.47357
138	79	0.44344
280	63	0.48661
86	89	0.38265
86	83	0.36531
306	178	0.74775
86	86	1.0
148	264	0.53983
292	229	0.16854
98	245	0.27273
22	263	0.28866
139	68	0.40964
155	141	0.35088
154	157	0.32609
215	300	0.44591
6	205	0.36508
283	33	0.48864
89	33	0.36439
88	49	0.36923
305	199	0.45909
154	154	1.0
26	200	0.48768
306	185	0.27854
6	200	0.58088
84	90	0.38657
5	214	0.55805
0	273	0.30043
84	91	0.35036
95	266	0.44595
16	16	1.0
0	278	0.29885
12	61	0.37132
10	97	0.36364
147	286	0.41667
294	215	0.27935
95	275	0.38911
156	139	0.4125
146	299	0.44505
87	60	0.5815
308	167	0.31421
290	260	0.32048
294	219	0.3136
11	80	0.31514
290	263	0.32766
285	13	0.64563
2	259	0.3027
211	12	0.32151
307	172	0.34446
153	175	0.38395
292	239	0.20913
281	69	0.26095
15	33	0.23756
4	231	0.37273
148	274	0.56446
85	85	1.0
158	112	0.30268
294	211	0.31387
289	313	0.31856
144	285	0.65468
12	11	0.36036
96	203	0.55752
12	12	1.0
136	70	0.42951
281	29	0.2545
91	264	0.38081
10	39	0.36923
290	223	0.35918
137	64	0.29487
290	225	0.33022
286	310	0.43529
136	78	0.3961
155	110	0.29167
307	146	0.38536
152	152	1.0
146	269	0.35227
212	312	0.23636
81	81	1.0
146	264	0.42965
85	39	0.4383
145	279	0.27273
228	5	0.22022
84	49	0.40265
147	259	0.36641
135	94	0.32892
287	308	0.91209
153	140	0.32941
0	214	0.27129
305	176	0.58602
136	83	0.40657
287	312	0.28882
1	204	0.584
213	306	0.31641
11	12	0.36036
309	125	0.31095
304	185	0.3642
150	183	0.50725
11	11	1.0
309	129	0.31597
137	74	0.3
139	51	0.45113
85	27	0.3274
146	274	0.37898
151	172	0.40634
150	188	0.875
282	33	0.38678
92	247	0.21269
21	205	0.36719
153	153	1.0
1	206	0.41259
21	200	0.37107
306	169	0.25402
153	151	0.33276
92	243	0.18428
80	80	1.0
97	213	0.35484
84	65	0.35593
91	283	0.38
84	61	0.36447
2	220	0.28528
90	295	0.37757
133	90	0.38241
308	107	0.29149
304	151	0.34477
150	150	1.0
303	169	0.39631
149	206	0.48256
83	70	0.40597
10	64	0.38202
138	39	0.41699
134	82	0.51509
87	34	1.0
24	200	0.18543
303	171	0.39175
4	203	0.40753
93	263	0.61644
14	13	0.44523
306	132	0.25729
14	14	1.0
142	296	0.342
14	16	0.45296
151	148	0.43105
92	260	0.16338
309	108	0.36364
149	214	0.5431
13	13	1.0
0	236	0.26667
91	274	0.35772
97	200	0.35593
227	5	0.80934
145	262	0.44749
280	35	0.49099
87	21	0.38462
82	82	1.0
138	48	0.46847
138	45	0.46847
151	151	1.0
22	217	0.27442
92	269	0.16529
22	212	0.42128
135	82	0.36941
281	25	1.0
212	306	0.22082
97	205	0.34014
3	203	0.3227
13	16	0.63424
134	94	0.48724
304	134	0.3662
142	267	0.34815
150	130	0.51007
304	132	0.34622
80	56	0.72458
81	42	0.28037
9	9	1.0
80	59	0.60204
284	300	0.39721
302	168	0.29535
300	185	0.42784
143	260	0.26777
142	274	0.4016
301	172	0.46201
141	289	0.8093
87	312	0.33333
132	94	0.49476
210	301	0.43106
303	157	0.34392
144	254	0.58042
280	13	0.53788
151	134	0.43259
81	31	0.90476
307	115	0.36276
133	84	0.55069
81	32	0.71053
151	132	0.6072
139	10	0.60804
87	308	0.35821
308	102	0.31091
145	247	0.36335
284	312	0.32353
80	43	0.57006
150	144	0.58268
8	8	1.0
148	210	0.45213
280	16	0.56226
304	114	0.35271
143	232	0.22161
82	48	0.42692
300	161	0.41797
15	301	0.24071
14	311	0.41603
82	45	0.42692
90	250	0.52494
150	116	0.52083
93	223	0.40437
92	239	0.23045
150	113	0.44848
93	225	0.32453
80	76	0.39057
94	210	0.50232
85	12	0.33426
301	151	0.42177
92	232	0.22692
305	109	0.505
85	10	0.33835
131	80	0.29518
91	233	0.36636
142	258	0.33543
83	23	0.38871
298	7	0.55708
302	148	0.2828
136	23	0.4216
143	247	0.23481
89	301	0.3527
80	67	0.34868
10	10	1.0
151	111	0.46416
146	210	0.36898
137	17	0.39726
137	18	0.34146
133	61	0.35385
145	224	0.26689
224	7	0.40083
147	205	0.47674
142	264	0.34497
80	61	0.33333
305	117	0.38587
147	200	0.41667
130	63	0.80142
5	5	1.0
303	105	0.38075
301	134	0.46549
80	11	0.31514
141	245	0.36334
10	300	0.39716
301	132	0.42204
131	67	0.28671
24	6	0.18056
301	148	0.49117
99	4	0.90377
134	33	0.41785
133	49	0.33559
130	42	0.60584
90	211	0.38983
137	303	0.33514
7	7	1.0
131	30	0.33935
301	111	0.5132
81	20	0.29126
140	231	0.48315
301	115	0.40591
302	102	0.26876
300	120	0.43233
90	219	0.43574
300	124	0.37908
26	6	0.38208
142	216	0.33643
130	50	0.58678
141	229	0.39394
85	300	0.37729
6	6	1.0
228	198	0.20305
302	111	0.26978
140	240	0.40484
140	246	0.35531
130	20	0.78512
96	4	0.35599
2	2	1.0
226	187	1.0
96	7	0.42562
22	9	0.25231
300	105	0.39322
300	106	0.39402
229	155	0.31844
2	6	0.28902
1	1	1.0
130	38	0.55346
95	7	0.56069
130	35	0.78723
300	117	0.39056
293	7	0.46637
131	28	0.38222
299	184	0.46512
4	4	1.0
219	295	0.38095
134	301	0.46549
82	310	0.47638
229	141	0.39394
130	13	0.53521
135	300	0.34815
23	7	0.89091
97	7	0.32579
3	3	1.0
140	203	0.52586
47	109	0.37363
37	267	0.21134
297	82	0.54444
238	205	0.28333
233	264	0.36976
243	102	0.37745
225	53	0.49658
36	274	0.35994
296	94	0.47357
28	67	0.34101
46	116	0.49324
240	140	0.40484
226	48	0.13281
222	91	0.22382
45	138	0.46847
226	45	0.13281
27	85	0.3274
298	70	0.5
39	246	0.44534
26	97	0.34177
300	300	1.0
227	35	0.50973
43	141	0.29429
7	70	0.48472
242	120	0.40615
236	236	1.0
37	256	0.20794
25	91	0.28659
239	201	0.29899
42	150	0.54962
243	115	0.3358
226	51	0.13235
238	213	0.29012
243	111	0.35681
36	264	0.35736
29	40	0.25397
99	99	1.0
40	184	0.37192
35	285	0.98496
8	66	0.23007
27	78	0.33692
240	150	0.37238
27	79	0.33197
301	301	1.0
298	83	0.51282
9	53	0.28075
228	35	0.21963
223	93	0.40437
45	120	0.4381
236	241	0.35656
8	62	0.29642
26	82	0.34056
162	4	0.39016
167	192	0.52113
295	84	0.81266
240	119	0.40924
47	128	0.35385
236	203	0.43694
241	101	0.39185
223	53	0.41152
222	69	0.22621
42	183	0.61111
224	47	0.33163
297	68	0.36139
234	234	1.0
46	144	0.53788
169	171	0.44595
8	91	0.25216
235	226	0.38636
222	77	0.23494
227	16	0.54426
299	40	0.46076
221	89	0.30238
227	13	0.78077
49	106	0.44307
241	119	0.43333
47	117	0.36
295	91	0.35038
236	214	0.3447
295	90	0.37757
226	31	0.34091
232	269	0.44162
37	274	0.20768
233	251	0.51437
28	76	0.4067
232	264	0.36581
9	71	0.2768
225	49	0.44311
226	32	0.22222
46	130	0.46452
7	96	0.42562
7	95	0.56069
228	13	0.213
235	235	1.0
43	167	0.62739
231	246	0.36735
5	63	0.53604
4	79	0.42292
295	61	0.38077
4	78	0.37374
231	240	0.3817
6	51	0.48182
40	148	0.34755
168	162	0.36982
28	28	1.0
232	232	1.0
40	146	0.38878
27	39	0.3663
295	65	0.35616
224	23	0.4141
44	109	0.24332
27	45	0.32271
28	30	0.66102
168	168	1.0
221	61	0.3439
8	36	0.22857
44	106	0.24336
25	69	0.26095
39	203	0.38618
34	262	0.30131
97	97	1.0
44	103	0.27163
293	95	0.57988
169	157	0.43868
33	274	0.74436
223	49	0.35192
32	273	0.23853
294	89	0.28697
42	116	0.57353
235	209	0.24658
233	233	1.0
41	122	0.28159
232	247	0.41566
27	27	1.0
23	70	0.52607
3	79	0.33058
34	257	0.42368
22	93	0.28033
221	74	0.30165
168	179	0.33402
169	162	0.40856
33	269	0.52522
294	94	0.28034
230	276	0.3583
299	33	0.48518
33	267	0.42297
298	47	0.43716
169	169	1.0
96	96	1.0
38	204	0.52349
33	264	0.50954
25	84	0.2833
294	55	0.26716
222	29	0.21892
165	177	0.19192
42	144	0.73451
222	25	0.33046
296	33	0.38825
295	49	0.46618
4	99	0.90377
166	166	1.0
223	17	0.31973
36	260	0.79888
34	287	0.38585
294	61	0.29333
33	299	0.48518
6	78	0.40206
159	299	0.33277
221	49	0.30178
159	296	0.32378
293	70	0.37551
29	29	1.0
231	231	1.0
41	148	0.31106
29	25	0.2545
99	78	0.4
23	95	0.62581
167	167	1.0
99	79	0.38683
29	22	0.41135
42	130	0.60584
36	247	0.32381
27	48	0.32271
41	142	0.28222
98	98	1.0
7	58	0.42562
292	92	0.18405
233	215	0.64048
311	1	0.46409
26	68	0.38571
294	72	0.2751
6	68	0.41667
43	129	0.75768
229	309	0.5274
33	283	0.48864
8	40	0.23317
293	83	0.44937
298	23	0.59901
221	55	0.48473
165	158	0.18509
148	94	0.61123
230	216	0.3413
95	70	0.42132
30	268	0.35959
4	39	0.37838
225	312	0.30634
23	47	0.42683
3	45	0.32129
40	105	0.3877
35	206	0.56291
226	309	0.1405
21	68	0.35294
4	33	0.41049
3	48	0.32129
40	102	0.42351
231	203	0.60166
163	184	0.27671
2	68	0.30769
25	29	0.2545
98	41	0.2868
25	25	1.0
165	160	0.18805
159	274	0.32933
292	66	0.17277
24	22	0.1701
24	24	1.0
165	165	1.0
5	13	0.656
93	87	0.32794
167	141	0.3375
93	85	0.2963
290	91	0.3385
159	281	0.66138
169	120	0.39841
2	51	0.28571
93	93	1.0
21	60	0.36715
3	40	0.27723
158	290	0.3039
230	230	1.0
5	16	0.51799
0	75	0.27083
165	170	0.18654
96	58	1.0
9	314	0.30435
24	27	0.17826
294	11	0.29712
165	133	0.19759
24	51	0.23301
164	147	0.35366
37	201	0.20767
293	23	0.5
95	95	1.0
99	45	0.40408
162	171	0.37657
156	288	0.34104
149	63	0.60795
41	111	0.32591
166	127	0.10244
156	286	0.36667
99	48	0.40408
31	273	0.27119
166	123	0.11392
98	59	0.2492
3	70	0.28328
163	163	1.0
30	290	0.36644
34	248	0.34694
158	260	0.30043
2	87	0.28511
164	154	0.36709
7	23	0.89091
168	107	0.34211
299	307	0.43786
4	48	0.43922
4	45	0.43922
230	202	0.95989
99	39	0.375
5	35	0.52703
164	156	0.44554
94	94	1.0
36	201	0.35435
41	102	0.28457
35	214	0.62981
99	33	0.37636
21	87	0.38462
167	129	0.55623
157	286	0.34078
167	125	0.35484
97	68	0.37126
26	26	1.0
96	79	0.35586
169	105	0.43774
164	164	1.0
159	264	0.35971
221	12	0.34375
6	26	0.38208
163	175	0.27829
158	276	0.33634
90	90	1.0
30	229	0.57627
154	286	0.336
292	19	0.16875
7	305	0.5
161	161	1.0
165	115	0.18385
147	68	0.35897
291	33	0.27097
290	49	0.32713
223	300	0.35319
93	60	0.34025
21	34	0.38462
97	10	0.36364
161	169	0.39331
32	209	0.57447
1	38	0.58156
314	185	0.34737
2	21	0.29143
163	148	0.31619
159	233	0.35448
292	24	0.20139
91	84	0.35036
20	42	0.74775
90	94	0.37119
291	37	0.30685
157	259	0.40678
164	139	0.36765
160	181	0.41478
94	33	0.56287
26	300	0.33221
290	53	0.3432
6	303	0.3631
155	289	0.30224
297	310	0.74857
161	171	0.35747
165	127	0.21754
160	185	0.35714
147	79	0.39844
162	168	0.36982
223	312	0.385
21	21	1.0
163	151	0.26606
20	38	0.64925
309	293	0.31628
162	162	1.0
96	18	0.51131
20	35	0.64964
298	305	0.52427
224	305	0.32203
31	209	0.85417
292	36	0.16164
146	94	0.41162
95	23	0.62581
224	300	0.5551
1	20	0.45455
90	84	0.38657
162	169	0.40856
23	23	1.0
154	263	0.31818
313	169	0.37304
309	255	0.30293
149	20	0.55063
148	33	0.51432
30	245	0.36859
147	48	0.37778
147	45	0.37778
152	295	0.3459
290	28	0.32422
312	189	0.34008
9	306	0.29213
96	48	0.36283
92	92	1.0
21	51	0.34959
32	226	0.22222
312	180	0.33716
9	300	0.35119
1	50	0.4359
145	78	0.26712
96	45	0.36283
20	63	0.64029
311	198	0.45503
307	283	0.35795
28	314	0.32258
162	138	0.39273
153	282	0.34652
153	280	0.41994
237	4	0.24054
160	160	1.0
31	226	0.34091
22	27	0.25086
147	51	0.68571
22	29	0.41135
296	301	0.38796
290	30	0.36644
309	268	0.33203
22	22	1.0
97	26	0.34177
28	309	0.43373
1	46	0.53788
157	246	0.33898
158	230	0.30408
309	270	0.30033
308	287	0.91209
2	34	0.28511
161	157	0.42
149	35	0.61494
97	23	0.34804
20	50	0.74737
91	94	0.37695
1	42	0.44118
95	47	0.44361
0	57	0.30341
91	91	1.0
307	299	0.43786
146	33	0.37988
308	248	0.31043
155	238	0.34356
143	71	0.22421
23	305	0.54891
160	133	0.45455
309	239	0.32143
307	269	0.34592
144	63	0.65468
308	257	0.31415
313	157	0.33219
151	282	0.4209
146	40	0.38878
39	4	0.37838
158	202	0.30539
307	264	0.40123
3	310	0.29572
220	301	0.35
310	193	0.47619
38	1	0.58156
2	310	0.28571
310	197	0.66162
305	298	0.52427
311	183	0.45455
309	245	0.30175
220	304	0.37277
154	259	0.35385
305	293	0.5
142	94	0.41225
149	16	0.66972
162	120	0.40234
22	312	0.26848
307	274	0.35593
163	111	0.30142
304	277	0.38242
153	236	0.39
145	27	0.41115
305	266	0.45679
313	125	0.37366
156	200	0.36667
93	34	0.32794
314	112	0.32252
142	65	0.39755
313	129	0.33077
152	251	0.36937
151	267	0.4294
144	42	0.73451
156	205	0.37288
151	264	0.42819
153	241	0.41433
20	20	1.0
306	259	0.25094
310	171	0.40102
309	229	0.5274
141	83	0.3467
305	275	0.39785
305	277	0.38832
141	80	0.34868
140	96	0.89529
93	21	0.3125
314	126	0.3677
24	303	0.1697
92	40	0.17889
313	141	0.33436
0	16	0.27019
157	200	0.34078
151	274	0.42532
143	66	0.25513
144	50	0.73196
156	213	0.39103
155	229	0.31844
153	252	0.41141
90	61	0.39229
162	105	0.36014
98	313	0.25602
0	12	0.28499
145	40	0.29
293	305	0.5
231	4	0.37273
231	3	0.35179
154	200	0.336
304	258	0.46092
239	199	0.35739
141	56	0.35294
154	205	0.5122
239	196	0.33446
35	5	0.52703
144	20	0.97938
143	36	0.25776
143	33	0.2215
312	128	0.3451
150	254	0.47468
311	130	0.4596
151	249	0.39841
152	233	0.34409
304	266	0.39633
140	79	0.38356
304	267	0.35911
291	301	0.24801
153	227	0.41667
145	18	0.3447
149	311	0.48598
308	215	0.2981
154	217	0.33071
141	67	1.0
303	279	0.36816
290	314	0.42265
311	149	0.48598
94	301	0.52103
93	312	0.87952
302	299	0.26838
93	314	0.29499
311	144	0.49718
145	22	0.27113
144	38	0.63971
144	35	0.66423
306	248	0.24495
306	249	0.2516
1	311	0.46409
141	30	0.35
140	45	0.39013
310	121	0.76129
140	48	0.39013
311	116	0.46632
22	308	0.25872
302	264	0.26837
22	303	0.26549
300	284	0.39721
152	215	0.34641
306	210	0.25253
21	310	0.35227
306	213	0.31641
152	211	0.66456
301	274	0.44806
140	58	0.89529
239	181	0.28538
238	195	0.29082
304	248	0.34537
152	219	0.58537
148	301	0.49117
142	33	0.37465
95	305	0.67586
304	242	0.39953
303	259	0.59355
302	274	0.28103
306	220	0.24878
306	224	0.29866
152	221	0.34557
91	301	0.35441
304	210	0.34444
302	240	0.27665
301	258	0.40889
302	243	0.28872
32	6	0.22642
237	184	0.30561
146	307	0.38536
238	173	0.29787
90	301	0.32911
141	28	0.34101
302	248	0.3601
304	220	0.37277
301	267	0.47668
151	210	0.61682
301	264	0.45971
237	159	0.25105
234	192	0.53
229	293	0.3401
302	216	0.32458
235	187	0.38636
236	179	0.34726
236	175	0.35526
238	155	0.34356
303	217	0.34078
140	18	0.54839
145	303	0.28235
39	161	0.40086
228	280	0.21324
142	301	0.38407
237	132	0.24161
219	84	0.37967
239	110	0.30814
228	285	0.21759
232	199	0.39262
301	210	0.43106
39	169	0.43568
219	90	0.43574
236	153	0.39
300	224	0.5551
237	146	0.26964
238	137	0.70248
229	289	0.32636
